SPECIES,SITE,PLOT,Year,Month,NEWROS,RAMET,stage.modified,PrevStage,PrevYear,NextStage,NextYear,firstYear,firstStage,lastYear,lastStage,Survival
WL,NVP,Plot L,1993,July,1,1,SR,First.Appearance,NA,SR,1994,1993,SR,1994,SR,Yes
WL,NVP,Plot L,1994,May,1,1,SR,SR,1993,Dead,NA,1993,SR,1994,SR,No
WL,NVP,Plot L,2005,July,2,2,Seedling,First.Appearance,NA,Dead,NA,2005,Seedling,2005,Seedling,No
WL,NVP,Plot L,1993,July,3,3,SR,First.Appearance,NA,SR,1994,1993,SR,1995,SR,Yes
WL,NVP,Plot L,1994,July,3,3,SR,SR,1993,SR,1995,1993,SR,1995,SR,Yes
WL,NVP,Plot L,1995,July,3,3,SR,SR,1994,Dead,NA,1993,SR,1995,SR,No
WL,NVP,Plot L,1993,July,4,4,SR,First.Appearance,NA,Dead,NA,1993,SR,1993,SR,No
WL,NVP,Plot L,1993,July,6,5,SR,First.Appearance,NA,SR,1994,1993,SR,1994,SR,Yes
WL,NVP,Plot L,1994,July,6,5,SR,SR,1993,Dead,NA,1993,SR,1994,SR,No
WL,NVP,Plot L,1993,July,7,6,SR,First.Appearance,NA,Dead,NA,1993,SR,1993,SR,No
WL,NVP,Plot L,1993,July,8.1,7,SR,First.Appearance,NA,SR,1994,1993,SR,1994,SR,Yes
WL,NVP,Plot L,1994,July,8.1,7,SR,SR,1993,Dead,NA,1993,SR,1994,SR,No
WL,NVP,Plot L,1996,July,8.1999999999999993,8,SR,First.Appearance,NA,SR,1997,1996,SR,2002,MR,Yes
WL,NVP,Plot L,1997,May,8.1999999999999993,8,SR,SR,1996,SR,1998,1996,SR,2002,MR,Yes
WL,NVP,Plot L,1998,July,8.1999999999999993,8,SR,SR,1997,SR,1999,1996,SR,2002,MR,Yes
WL,NVP,Plot L,1999,July,8.1999999999999993,8,SR,SR,1998,inactive,2000,1996,SR,2002,MR,Yes
WL,NVP,Plot L,2000,May,8.1999999999999993,8,inactive,SR,1999,SR,2001,1996,SR,2002,MR,Yes
WL,NVP,Plot L,2001,May,8.1999999999999993,8,SR,inactive,2000,MR,2002,1996,SR,2002,MR,Yes
WL,NVP,Plot L,2002,May,8.1999999999999993,8,MR,SR,2001,Dead,NA,1996,SR,2002,MR,No
WL,NVP,Plot L,2003,June,8.3000000000000007,9,SR,First.Appearance,NA,SR,2004,2003,SR,2004,SR,Yes
WL,NVP,Plot L,2004,June,8.3000000000000007,9,SR,SR,2003,Dead,NA,2003,SR,2004,SR,No
WL,NVP,Plot L,1993,July,9,10,SR,First.Appearance,NA,SR,1994,1993,SR,1994,SR,Yes
WL,NVP,Plot L,1994,May,9,10,SR,SR,1993,Dead,NA,1993,SR,1994,SR,No
WL,NVP,Plot L,1993,July,10.1,11,SR,First.Appearance,NA,SR,1994,1993,SR,1999,SR,Yes
WL,NVP,Plot L,1994,July,10.1,11,SR,SR,1993,SR,1995,1993,SR,1999,SR,Yes
WL,NVP,Plot L,1995,July,10.1,11,SR,SR,1994,SR,1996,1993,SR,1999,SR,Yes
WL,NVP,Plot L,1996,July,10.1,11,SR,SR,1995,SR,1997,1993,SR,1999,SR,Yes
WL,NVP,Plot L,1997,July,10.1,11,SR,SR,1996,inactive,1998,1993,SR,1999,SR,Yes
WL,NVP,Plot L,1998,May,10.1,11,inactive,SR,1997,SR,1999,1993,SR,1999,SR,Yes
WL,NVP,Plot L,1999,July,10.1,11,SR,inactive,1998,Dead,NA,1993,SR,1999,SR,No
WL,NVP,Plot L,2000,May,10.199999999999999,12,SR,First.Appearance,NA,SR,2001,2000,SR,2002,SR,Yes
WL,NVP,Plot L,2001,May,10.199999999999999,12,SR,SR,2000,SR,2002,2000,SR,2002,SR,Yes
WL,NVP,Plot L,2002,May,10.199999999999999,12,SR,SR,2001,Dead,NA,2000,SR,2002,SR,No
WL,NVP,Plot L,2003,June,10.3,13,SR,First.Appearance,NA,SR,2004,2003,SR,2004,SR,Yes
WL,NVP,Plot L,2004,June,10.3,13,SR,SR,2003,Dead,NA,2003,SR,2004,SR,No
WL,NVP,Plot L,2005,July,10.4,14,SR,First.Appearance,NA,SR,2006,2005,SR,2006,SR,Yes
WL,NVP,Plot L,2006,July,10.4,14,SR,SR,2005,Dead,NA,2005,SR,2006,SR,No
WL,NVP,Plot L,1993,May,11.1,15,SR,First.Appearance,NA,Dead,NA,1993,SR,1993,SR,No
WL,NVP,Plot L,1995,July,11.2,16,SR,First.Appearance,NA,Dead,NA,1995,SR,1995,SR,No
WL,NVP,Plot L,1993,July,12,17,SR,First.Appearance,NA,SR,1994,1993,SR,1996,SR,Yes
WL,NVP,Plot L,1994,July,12,17,SR,SR,1993,SR,1995,1993,SR,1996,SR,Yes
WL,NVP,Plot L,1995,July,12,17,SR,SR,1994,SR,1996,1993,SR,1996,SR,Yes
WL,NVP,Plot L,1996,July,12,17,SR,SR,1995,Dead,NA,1993,SR,1996,SR,No
WL,NVP,Plot L,1993,July,13.1,18,SR,First.Appearance,NA,SR,1994,1993,SR,1999,SR,Yes
WL,NVP,Plot L,1994,July,13.1,18,SR,SR,1993,SR,1995,1993,SR,1999,SR,Yes
WL,NVP,Plot L,1995,July,13.1,18,SR,SR,1994,SR,1996,1993,SR,1999,SR,Yes
WL,NVP,Plot L,1996,July,13.1,18,SR,SR,1995,SR,1997,1993,SR,1999,SR,Yes
WL,NVP,Plot L,1997,May,13.1,18,SR,SR,1996,SR,1998,1993,SR,1999,SR,Yes
WL,NVP,Plot L,1998,May,13.1,18,SR,SR,1997,SR,1999,1993,SR,1999,SR,Yes
WL,NVP,Plot L,1999,July,13.1,18,SR,SR,1998,Dead,NA,1993,SR,1999,SR,No
WL,NVP,Plot L,2002,May,13.2,19,SR,First.Appearance,NA,Dead,NA,2002,SR,2002,SR,No
WL,NVP,Plot L,2004,June,13.3,20,SR,First.Appearance,NA,SF,2005,2004,SR,2005,SF,Yes
WL,NVP,Plot L,2005,July,13.3,20,SF,SR,2004,Dead,NA,2004,SR,2005,SF,No
WL,NVP,Plot L,2006,July,13.4,21,SR,First.Appearance,NA,SR,2007,2006,SR,2007,SR,Yes
WL,NVP,Plot L,2007,July,13.4,21,SR,SR,2006,Dead,NA,2006,SR,2007,SR,No
WL,NVP,Plot L,1993,July,14,22,SR,First.Appearance,NA,SR,1994,1993,SR,1994,SR,Yes
WL,NVP,Plot L,1994,July,14,22,SR,SR,1993,Dead,NA,1993,SR,1994,SR,No
WL,NVP,Plot L,1993,May,15,23,Seedling,First.Appearance,NA,Dead,NA,1993,Seedling,1993,Seedling,No
WL,NVP,Plot L,1991,July,16,24,SR,First.Appearance,NA,inactive,1992,1991,SR,1995,SR,Yes
WL,NVP,Plot L,1992,May,16,24,inactive,SR,1991,SR,1993,1991,SR,1995,SR,Yes
WL,NVP,Plot L,1993,July,16,24,SR,inactive,1992,inactive,1994,1991,SR,1995,SR,Yes
WL,NVP,Plot L,1994,May,16,24,inactive,SR,1993,SR,1995,1991,SR,1995,SR,Yes
WL,NVP,Plot L,1995,July,16,24,SR,inactive,1994,Dead,NA,1991,SR,1995,SR,No
WL,NVP,Plot L,1991,July,17,25,SR,First.Appearance,NA,SR,1992,1991,SR,1994,SR,Yes
WL,NVP,Plot L,1992,May,17,25,SR,SR,1991,SR,1993,1991,SR,1994,SR,Yes
WL,NVP,Plot L,1993,July,17,25,SR,SR,1992,SR,1994,1991,SR,1994,SR,Yes
WL,NVP,Plot L,1994,May,17,25,SR,SR,1993,Dead,NA,1991,SR,1994,SR,No
WL,NVP,Plot L,1993,July,18,26,SR,First.Appearance,NA,SR,1994,1993,SR,1994,SR,Yes
WL,NVP,Plot L,1994,May,18,26,SR,SR,1993,Dead,NA,1993,SR,1994,SR,No
WL,NVP,Plot L,1993,July,20,27,SR,First.Appearance,NA,SR,1994,1993,SR,1994,SR,Yes
WL,NVP,Plot L,1994,May,20,27,SR,SR,1993,Dead,NA,1993,SR,1994,SR,No
WL,NVP,Plot L,1996,July,39,28,Seedling,First.Appearance,NA,Dead,NA,1996,Seedling,1996,Seedling,No
WL,NVP,Plot L,1990,July,74.099999999999994,29,SR,No.record,NA,SF,1991,1990,SR,1991,SF,Yes
WL,NVP,Plot L,1991,July,74.099999999999994,29,SF,SR,1990,Dead,NA,1990,SR,1991,SF,No
WL,NVP,Plot L,1994,July,74.2,30,SR,First.Appearance,NA,Dead,NA,1994,SR,1994,SR,No
WL,NVP,Plot L,1994,July,77.099999999999994,31,SR,First.Appearance,NA,Dead,NA,1994,SR,1994,SR,No
WL,NVP,Plot L,1995,July,77.2,32,SF,First.Appearance,NA,Dead,NA,1995,SF,1995,SF,No
WL,NVP,Plot L,1996,July,77.3,33,SR,First.Appearance,NA,SR,1997,1996,SR,1998,SF,Yes
WL,NVP,Plot L,1997,July,77.3,33,SR,SR,1996,SF,1998,1996,SR,1998,SF,Yes
WL,NVP,Plot L,1998,July,77.3,33,SF,SR,1997,Dead,NA,1996,SR,1998,SF,No
WL,NVP,Plot L,1999,July,77.400000000000006,34,SR,First.Appearance,NA,SR,2000,1999,SR,2006,SR,Yes
WL,NVP,Plot L,2000,May,77.400000000000006,34,SR,SR,1999,inactive,2001,1999,SR,2006,SR,Yes
WL,NVP,Plot L,2001,May,77.400000000000006,34,inactive,SR,2000,SR,2002,1999,SR,2006,SR,Yes
WL,NVP,Plot L,2002,June,77.400000000000006,34,SR,inactive,2001,SR,2003,1999,SR,2006,SR,Yes
WL,NVP,Plot L,2003,June,77.400000000000006,34,SR,SR,2002,SR,2004,1999,SR,2006,SR,Yes
WL,NVP,Plot L,2004,June,77.400000000000006,34,SR,SR,2003,SR,2005,1999,SR,2006,SR,Yes
WL,NVP,Plot L,2005,July,77.400000000000006,34,SR,SR,2004,SR,2006,1999,SR,2006,SR,Yes
WL,NVP,Plot L,2006,July,77.400000000000006,34,SR,SR,2005,Dead,NA,1999,SR,2006,SR,No
WL,NVP,Plot L,1990,July,78.099999999999994,35,MR,No.record,NA,SR,1991,1990,MR,1994,SF,Yes
WL,NVP,Plot L,1991,July,78.099999999999994,35,SR,MR,1990,inactive,1992,1990,MR,1994,SF,Yes
WL,NVP,Plot L,1992,May,78.099999999999994,35,inactive,SR,1991,SR,1993,1990,MR,1994,SF,Yes
WL,NVP,Plot L,1993,July,78.099999999999994,35,SR,inactive,1992,SF,1994,1990,MR,1994,SF,Yes
WL,NVP,Plot L,1994,July,78.099999999999994,35,SF,SR,1993,Dead,NA,1990,MR,1994,SF,No
WL,NVP,Plot L,1996,July,78.2,36,SR,First.Appearance,NA,inactive,1997,1996,SR,1998,SR,Yes
WL,NVP,Plot L,1997,May,78.2,36,inactive,SR,1996,SR,1998,1996,SR,1998,SR,Yes
WL,NVP,Plot L,1998,May,78.2,36,SR,inactive,1997,Dead,NA,1996,SR,1998,SR,No
WL,NVP,Plot L,1996,July,79,37,SR,First.Appearance,NA,Dead,NA,1996,SR,1996,SR,No
WL,NVP,Plot L,1990,July,80.099999999999994,38,SR,No.record,NA,SR,1991,1990,SR,1992,SF,Yes
WL,NVP,Plot L,1991,July,80.099999999999994,38,SR,SR,1990,SF,1992,1990,SR,1992,SF,Yes
WL,NVP,Plot L,1992,July,80.099999999999994,38,SF,SR,1991,Dead,NA,1990,SR,1992,SF,No
WL,NVP,Plot L,1993,July,80.2,39,MR,First.Appearance,NA,SF,1994,1993,MR,1994,SF,Yes
WL,NVP,Plot L,1994,July,80.2,39,SF,MR,1993,Dead,NA,1993,MR,1994,SF,No
WL,NVP,Plot L,1990,July,81.099999999999994,40,SR,No.record,NA,SF,1991,1990,SR,1991,SF,Yes
WL,NVP,Plot L,1991,July,81.099999999999994,40,SF,SR,1990,Dead,NA,1990,SR,1991,SF,No
WL,NVP,Plot L,1992,July,81.2,41,SR,First.Appearance,NA,SR,1993,1992,SR,1993,SR,Yes
WL,NVP,Plot L,1993,May,81.2,41,SR,SR,1992,Dead,NA,1992,SR,1993,SR,No
WL,NVP,Plot L,1990,July,82.1,42,MR,No.record,NA,MR,1991,1990,MR,1993,SF,Yes
WL,NVP,Plot L,1991,July,82.1,42,MR,MR,1990,MR,1992,1990,MR,1993,SF,Yes
WL,NVP,Plot L,1992,July,82.1,42,MR,MR,1991,SF,1993,1990,MR,1993,SF,Yes
WL,NVP,Plot L,1993,July,82.1,42,SF,MR,1992,Dead,NA,1990,MR,1993,SF,No
WL,NVP,Plot L,1995,July,82.2,43,SR,First.Appearance,NA,Dead,NA,1995,SR,1995,SR,No
WL,NVP,Plot L,1990,July,85,44,SR,No.record,NA,SR,1991,1990,SR,1997,MR,Yes
WL,NVP,Plot L,1991,July,85,44,SR,SR,1990,SR,1992,1990,SR,1997,MR,Yes
WL,NVP,Plot L,1992,July,85,44,SR,SR,1991,MR,1993,1990,SR,1997,MR,Yes
WL,NVP,Plot L,1993,July,85,44,MR,SR,1992,inactive,1994,1990,SR,1997,MR,Yes
WL,NVP,Plot L,1994,May,85,44,inactive,MR,1993,SR,1995,1990,SR,1997,MR,Yes
WL,NVP,Plot L,1995,July,85,44,SR,inactive,1994,SR,1996,1990,SR,1997,MR,Yes
WL,NVP,Plot L,1996,July,85,44,SR,SR,1995,MR,1997,1990,SR,1997,MR,Yes
WL,NVP,Plot L,1997,July,85,44,MR,SR,1996,Dead,NA,1990,SR,1997,MR,No
WL,NVP,Plot L,1990,July,86.1,45,SR,No.record,NA,SR,1991,1990,SR,1992,SF,Yes
WL,NVP,Plot L,1991,July,86.1,45,SR,SR,1990,SF,1992,1990,SR,1992,SF,Yes
WL,NVP,Plot L,1992,July,86.1,45,SF,SR,1991,Dead,NA,1990,SR,1992,SF,No
WL,NVP,Plot L,1995,July,86.2,46,SR,First.Appearance,NA,SR,1996,1995,SR,2000,SF,Yes
WL,NVP,Plot L,1996,July,86.2,46,SR,SR,1995,SR,1997,1995,SR,2000,SF,Yes
WL,NVP,Plot L,1997,July,86.2,46,SR,SR,1996,SR,1998,1995,SR,2000,SF,Yes
WL,NVP,Plot L,1998,July,86.2,46,SR,SR,1997,SR,1999,1995,SR,2000,SF,Yes
WL,NVP,Plot L,1999,July,86.2,46,SR,SR,1998,SF,2000,1995,SR,2000,SF,Yes
WL,NVP,Plot L,2000,July,86.2,46,SF,SR,1999,Dead,NA,1995,SR,2000,SF,No
WL,NVP,Plot L,2001,May,86.3,47,SR,First.Appearance,NA,SF,2002,2001,SR,2002,SF,Yes
WL,NVP,Plot L,2002,June,86.3,47,SF,SR,2001,Dead,NA,2001,SR,2002,SF,No
WL,NVP,Plot L,2003,June,86.4,48,SR,First.Appearance,NA,Dead,NA,2003,SR,2003,SR,No
WL,NVP,Plot L,1990,July,87.1,49,SR,No.record,NA,SR,1991,1990,SR,1995,SF,Yes
WL,NVP,Plot L,1991,July,87.1,49,SR,SR,1990,SR,1992,1990,SR,1995,SF,Yes
WL,NVP,Plot L,1992,July,87.1,49,SR,SR,1991,SR,1993,1990,SR,1995,SF,Yes
WL,NVP,Plot L,1993,July,87.1,49,SR,SR,1992,SR,1994,1990,SR,1995,SF,Yes
WL,NVP,Plot L,1994,July,87.1,49,SR,SR,1993,SF,1995,1990,SR,1995,SF,Yes
WL,NVP,Plot L,1995,July,87.1,49,SF,SR,1994,Dead,NA,1990,SR,1995,SF,No
WL,NVP,Plot L,1996,May,87.2,50,SR,First.Appearance,NA,Dead,NA,1996,SR,1996,SR,No
WL,NVP,Plot L,1990,July,88.1,51,SR,No.record,NA,SR,1991,1990,SR,1993,SF,Yes
WL,NVP,Plot L,1991,July,88.1,51,SR,SR,1990,SR,1992,1990,SR,1993,SF,Yes
WL,NVP,Plot L,1992,July,88.1,51,SR,SR,1991,SF,1993,1990,SR,1993,SF,Yes
WL,NVP,Plot L,1993,July,88.1,51,SF,SR,1992,Dead,NA,1990,SR,1993,SF,No
WL,NVP,Plot L,1994,July,88.2,52,MR,First.Appearance,NA,SR,1995,1994,MR,1996,SF,Yes
WL,NVP,Plot L,1995,July,88.2,52,SR,MR,1994,SF,1996,1994,MR,1996,SF,Yes
WL,NVP,Plot L,1996,July,88.2,52,SF,SR,1995,Dead,NA,1994,MR,1996,SF,No
WL,NVP,Plot L,1997,May,88.3,53,SR,First.Appearance,NA,SF,1998,1997,SR,1998,SF,Yes
WL,NVP,Plot L,1998,July,88.3,53,SF,SR,1997,Dead,NA,1997,SR,1998,SF,No
WL,NVP,Plot L,1990,July,89,54,SR,No.record,NA,SR,1991,1990,SR,1997,SR,Yes
WL,NVP,Plot L,1991,July,89,54,SR,SR,1990,SR,1992,1990,SR,1997,SR,Yes
WL,NVP,Plot L,1992,May,89,54,SR,SR,1991,SR,1993,1990,SR,1997,SR,Yes
WL,NVP,Plot L,1993,July,89,54,SR,SR,1992,SR,1994,1990,SR,1997,SR,Yes
WL,NVP,Plot L,1994,July,89,54,SR,SR,1993,inactive,1995,1990,SR,1997,SR,Yes
WL,NVP,Plot L,1995,May,89,54,inactive,SR,1994,SR,1996,1990,SR,1997,SR,Yes
WL,NVP,Plot L,1996,July,89,54,SR,inactive,1995,SR,1997,1990,SR,1997,SR,Yes
WL,NVP,Plot L,1997,May,89,54,SR,SR,1996,Dead,NA,1990,SR,1997,SR,No
WL,NVP,Plot L,1990,July,90.1,55,SR,No.record,NA,SR,1991,1990,SR,1994,SF,Yes
WL,NVP,Plot L,1991,July,90.1,55,SR,SR,1990,MR,1992,1990,SR,1994,SF,Yes
WL,NVP,Plot L,1992,July,90.1,55,MR,SR,1991,SR,1993,1990,SR,1994,SF,Yes
WL,NVP,Plot L,1993,July,90.1,55,SR,MR,1992,SF,1994,1990,SR,1994,SF,Yes
WL,NVP,Plot L,1994,July,90.1,55,SF,SR,1993,Dead,NA,1990,SR,1994,SF,No
WL,NVP,Plot L,1996,July,90.2,56,SR,First.Appearance,NA,SR,1997,1996,SR,1997,SR,Yes
WL,NVP,Plot L,1997,May,90.2,56,SR,SR,1996,Dead,NA,1996,SR,1997,SR,No
WL,NVP,Plot L,1990,July,91.1,57,MR,No.record,NA,SF,1991,1990,MR,1991,SF,Yes
WL,NVP,Plot L,1991,July,91.1,57,SF,MR,1990,Dead,NA,1990,MR,1991,SF,No
WL,NVP,Plot L,1992,July,91.2,58,MR,First.Appearance,NA,SR,1993,1992,MR,1995,SR,Yes
WL,NVP,Plot L,1993,July,91.2,58,SR,MR,1992,SR,1994,1992,MR,1995,SR,Yes
WL,NVP,Plot L,1994,May,91.2,58,SR,SR,1993,SR,1995,1992,MR,1995,SR,Yes
WL,NVP,Plot L,1995,July,91.2,58,SR,SR,1994,Dead,NA,1992,MR,1995,SR,No
WL,NVP,Plot L,1990,July,93,59,SR,No.record,NA,Dead,NA,1990,SR,1990,SR,No
WL,NVP,Plot L,1990,July,94.1,60,SR,No.record,NA,SF,1991,1990,SR,1991,SF,Yes
WL,NVP,Plot L,1991,July,94.1,60,SF,SR,1990,Dead,NA,1990,SR,1991,SF,No
WL,NVP,Plot L,1992,July,94.2,61,SR,First.Appearance,NA,Dead,NA,1992,SR,1992,SR,No
WL,NVP,Plot L,1990,July,95,62,SR,No.record,NA,SR,1991,1990,SR,1994,SF,Yes
WL,NVP,Plot L,1991,July,95,62,SR,SR,1990,SR,1992,1990,SR,1994,SF,Yes
WL,NVP,Plot L,1992,July,95,62,SR,SR,1991,SR,1993,1990,SR,1994,SF,Yes
WL,NVP,Plot L,1993,July,95,62,SR,SR,1992,SF,1994,1990,SR,1994,SF,Yes
WL,NVP,Plot L,1994,July,95,62,SF,SR,1993,Dead,NA,1990,SR,1994,SF,No
WL,NVP,Plot L,1995,July,96,63,SR,First.Appearance,NA,SR,1996,1995,SR,1996,SR,Yes
WL,NVP,Plot L,1996,May,96,63,SR,SR,1995,Dead,NA,1995,SR,1996,SR,No
WL,NVP,Plot L,1995,July,97,64,SR,First.Appearance,NA,SR,1996,1995,SR,1996,SR,Yes
WL,NVP,Plot L,1996,July,97,64,SR,SR,1995,Dead,NA,1995,SR,1996,SR,No
WL,NVP,Plot L,1990,July,98.1,65,MF,No.record,NA,Dead,NA,1990,MF,1990,MF,No
WL,NVP,Plot L,1991,July,98.2,66,SR,First.Appearance,NA,Dead,NA,1991,SR,1991,SR,No
WL,NVP,Plot L,1999,July,100.1,67,SR,First.Appearance,NA,Dead,NA,1999,SR,1999,SR,No
WL,NVP,Plot L,2000,May,100.2,68,SR,First.Appearance,NA,SR,2001,2000,SR,2001,SR,Yes
WL,NVP,Plot L,2001,May,100.2,68,SR,SR,2000,Dead,NA,2000,SR,2001,SR,No
WL,NVP,Plot L,1990,July,101,69,SR,No.record,NA,Dead,NA,1990,SR,1990,SR,No
WL,NVP,Plot L,1990,July,102,70,SR,No.record,NA,SR,1991,1990,SR,1994,SR,Yes
WL,NVP,Plot L,1991,July,102,70,SR,SR,1990,SR,1992,1990,SR,1994,SR,Yes
WL,NVP,Plot L,1992,July,102,70,SR,SR,1991,SR,1993,1990,SR,1994,SR,Yes
WL,NVP,Plot L,1993,July,102,70,SR,SR,1992,SR,1994,1990,SR,1994,SR,Yes
WL,NVP,Plot L,1994,July,102,70,SR,SR,1993,Dead,NA,1990,SR,1994,SR,No
WL,NVP,Plot L,1990,July,103.1,71,SR,No.record,NA,Dead,NA,1990,SR,1990,SR,No
WL,NVP,Plot L,1993,July,103.2,72,MR,First.Appearance,NA,SR,1994,1993,MR,1997,SR,Yes
WL,NVP,Plot L,1994,July,103.2,72,SR,MR,1993,SR,1995,1993,MR,1997,SR,Yes
WL,NVP,Plot L,1995,July,103.2,72,SR,SR,1994,SR,1996,1993,MR,1997,SR,Yes
WL,NVP,Plot L,1996,July,103.2,72,SR,SR,1995,SR,1997,1993,MR,1997,SR,Yes
WL,NVP,Plot L,1997,July,103.2,72,SR,SR,1996,Dead,NA,1993,MR,1997,SR,No
WL,NVP,Plot L,1990,July,104.1,73,SR,No.record,NA,SR,1991,1990,SR,1993,SR,Yes
WL,NVP,Plot L,1991,July,104.1,73,SR,SR,1990,inactive,1992,1990,SR,1993,SR,Yes
WL,NVP,Plot L,1992,May,104.1,73,inactive,SR,1991,SR,1993,1990,SR,1993,SR,Yes
WL,NVP,Plot L,1993,July,104.1,73,SR,inactive,1992,Dead,NA,1990,SR,1993,SR,No
WL,NVP,Plot L,1995,July,104.2,74,SR,First.Appearance,NA,Dead,NA,1995,SR,1995,SR,No
WL,NVP,Plot L,1995,July,105,75,Seedling,First.Appearance,NA,SR,1996,1995,Seedling,1996,SR,Yes
WL,NVP,Plot L,1996,July,105,75,SR,Seedling,1995,Dead,NA,1995,Seedling,1996,SR,No
WL,NVP,Plot L,1990,July,106.1,76,SR,No.record,NA,Dead,NA,1990,SR,1990,SR,No
WL,NVP,Plot L,1992,July,106.2,77,SR,First.Appearance,NA,Dead,NA,1992,SR,1992,SR,No
WL,NVP,Plot L,1990,July,107,78,SR,No.record,NA,MR,1991,1990,SR,1991,MR,Yes
WL,NVP,Plot L,1991,May,107,78,MR,SR,1990,Dead,NA,1990,SR,1991,MR,No
WL,NVP,Plot L,1990,July,108.1,79,SR,No.record,NA,SR,1991,1990,SR,1994,SR,Yes
WL,NVP,Plot L,1991,July,108.1,79,SR,SR,1990,SR,1992,1990,SR,1994,SR,Yes
WL,NVP,Plot L,1992,July,108.1,79,SR,SR,1991,inactive,1993,1990,SR,1994,SR,Yes
WL,NVP,Plot L,1993,May,108.1,79,inactive,SR,1992,SR,1994,1990,SR,1994,SR,Yes
WL,NVP,Plot L,1994,July,108.1,79,SR,inactive,1993,Dead,NA,1990,SR,1994,SR,No
WL,NVP,Plot L,1995,July,108.2,80,MF,First.Appearance,NA,Dead,NA,1995,MF,1995,MF,No
WL,NVP,Plot L,1997,July,108.3,81,SR,First.Appearance,NA,Dead,NA,1997,SR,1997,SR,No
WL,NVP,Plot L,1990,July,109,82,SR,No.record,NA,Dead,NA,1990,SR,1990,SR,No
WL,NVP,Plot L,1990,July,110,83,SR,No.record,NA,SF,1991,1990,SR,1991,SF,Yes
WL,NVP,Plot L,1991,July,110,83,SF,SR,1990,Dead,NA,1990,SR,1991,SF,No
WL,NVP,Plot L,1990,July,111.1,84,SR,No.record,NA,SR,1991,1990,SR,1993,MF,Yes
WL,NVP,Plot L,1991,July,111.1,84,SR,SR,1990,SR,1992,1990,SR,1993,MF,Yes
WL,NVP,Plot L,1992,July,111.1,84,SR,SR,1991,MF,1993,1990,SR,1993,MF,Yes
WL,NVP,Plot L,1993,July,111.1,84,MF,SR,1992,Dead,NA,1990,SR,1993,MF,No
WL,NVP,Plot L,1994,July,111.2,85,SR,First.Appearance,NA,MR,1995,1994,SR,1995,MR,Yes
WL,NVP,Plot L,1995,July,111.2,85,MR,SR,1994,Dead,NA,1994,SR,1995,MR,No
WL,NVP,Plot L,1990,July,112,86,SR,No.record,NA,SR,1991,1990,SR,1995,SR,Yes
WL,NVP,Plot L,1991,May,112,86,SR,SR,1990,SR,1992,1990,SR,1995,SR,Yes
WL,NVP,Plot L,1992,May,112,86,SR,SR,1991,SR,1993,1990,SR,1995,SR,Yes
WL,NVP,Plot L,1993,July,112,86,SR,SR,1992,SR,1994,1990,SR,1995,SR,Yes
WL,NVP,Plot L,1994,July,112,86,SR,SR,1993,SR,1995,1990,SR,1995,SR,Yes
WL,NVP,Plot L,1995,July,112,86,SR,SR,1994,Dead,NA,1990,SR,1995,SR,No
WL,NVP,Plot L,1990,July,113.1,87,SR,No.record,NA,SR,1991,1990,SR,1992,SF,Yes
WL,NVP,Plot L,1991,July,113.1,87,SR,SR,1990,SF,1992,1990,SR,1992,SF,Yes
WL,NVP,Plot L,1992,July,113.1,87,SF,SR,1991,Dead,NA,1990,SR,1992,SF,No
WL,NVP,Plot L,1993,July,113.2,88,MR,First.Appearance,NA,SF,1994,1993,MR,1994,SF,Yes
WL,NVP,Plot L,1994,July,113.2,88,SF,MR,1993,Dead,NA,1993,MR,1994,SF,No
WL,NVP,Plot L,1995,July,113.3,89,SF,First.Appearance,NA,Dead,NA,1995,SF,1995,SF,No
WL,NVP,Plot L,1997,July,113.4,90,SR,First.Appearance,NA,SR,1998,1997,SR,2001,SF,Yes
WL,NVP,Plot L,1998,July,113.4,90,SR,SR,1997,SR,1999,1997,SR,2001,SF,Yes
WL,NVP,Plot L,1999,July,113.4,90,SR,SR,1998,inactive,2000,1997,SR,2001,SF,Yes
WL,NVP,Plot L,2000,May,113.4,90,inactive,SR,1999,SF,2001,1997,SR,2001,SF,Yes
WL,NVP,Plot L,2001,July,113.4,90,SF,inactive,2000,Dead,NA,1997,SR,2001,SF,No
WL,NVP,Plot L,2002,June,113.5,91,SR,First.Appearance,NA,MF,2003,2002,SR,2003,MF,Yes
WL,NVP,Plot L,2003,June,113.5,91,MF,SR,2002,Dead,NA,2002,SR,2003,MF,No
WL,NVP,Plot L,2004,June,113.6,92,SR,First.Appearance,NA,SF,2005,2004,SR,2005,SF,Yes
WL,NVP,Plot L,2005,July,113.6,92,SF,SR,2004,Dead,NA,2004,SR,2005,SF,No
WL,NVP,Plot L,2006,July,113.7,93,SR,First.Appearance,NA,Dead,NA,2006,SR,2006,SR,No
WL,NVP,Plot L,1990,July,114.1,94,SF,No.record,NA,Dead,NA,1990,SF,1990,SF,No
WL,NVP,Plot L,1991,July,114.2,95,SR,First.Appearance,NA,SR,1992,1991,SR,1993,SF,Yes
WL,NVP,Plot L,1992,July,114.2,95,SR,SR,1991,SF,1993,1991,SR,1993,SF,Yes
WL,NVP,Plot L,1993,July,114.2,95,SF,SR,1992,Dead,NA,1991,SR,1993,SF,No
WL,NVP,Plot L,1994,May,114.3,96,SR,First.Appearance,NA,Dead,NA,1994,SR,1994,SR,No
WL,NVP,Plot L,1996,July,114.4,97,SR,First.Appearance,NA,Dead,NA,1996,SR,1996,SR,No
WL,NVP,Plot L,1990,July,115.1,98,SF,No.record,NA,Dead,NA,1990,SF,1990,SF,No
WL,NVP,Plot L,1991,July,115.2,99,SR,First.Appearance,NA,MR,1992,1991,SR,1993,SF,Yes
WL,NVP,Plot L,1992,July,115.2,99,MR,SR,1991,SF,1993,1991,SR,1993,SF,Yes
WL,NVP,Plot L,1993,July,115.2,99,SF,MR,1992,Dead,NA,1991,SR,1993,SF,No
WL,NVP,Plot L,1994,July,115.3,100,SR,First.Appearance,NA,MR,1995,1994,SR,1995,MR,Yes
WL,NVP,Plot L,1995,July,115.3,100,MR,SR,1994,Dead,NA,1994,SR,1995,MR,No
WL,NVP,Plot L,1997,July,115.4,101,SR,First.Appearance,NA,Dead,NA,1997,SR,1997,SR,No
WL,NVP,Plot L,1990,July,116.1,102,MR,No.record,NA,SR,1991,1990,MR,1993,SF,Yes
WL,NVP,Plot L,1991,July,116.1,102,SR,MR,1990,SR,1992,1990,MR,1993,SF,Yes
WL,NVP,Plot L,1992,July,116.1,102,SR,SR,1991,SF,1993,1990,MR,1993,SF,Yes
WL,NVP,Plot L,1993,July,116.1,102,SF,SR,1992,Dead,NA,1990,MR,1993,SF,No
WL,NVP,Plot L,1994,July,116.2,103,SR,First.Appearance,NA,MR,1995,1994,SR,1997,SR,Yes
WL,NVP,Plot L,1995,July,116.2,103,MR,SR,1994,SR,1996,1994,SR,1997,SR,Yes
WL,NVP,Plot L,1996,May,116.2,103,SR,MR,1995,SR,1997,1994,SR,1997,SR,Yes
WL,NVP,Plot L,1997,July,116.2,103,SR,SR,1996,Dead,NA,1994,SR,1997,SR,No
WL,NVP,Plot L,1990,July,118.1,105,SR,No.record,NA,Dead,NA,1990,SR,1990,SR,No
WL,NVP,Plot L,1992,July,118.2,106,SR,First.Appearance,NA,SR,1993,1992,SR,1996,SR,Yes
WL,NVP,Plot L,1993,July,118.2,106,SR,SR,1992,SR,1994,1992,SR,1996,SR,Yes
WL,NVP,Plot L,1994,July,118.2,106,SR,SR,1993,SR,1995,1992,SR,1996,SR,Yes
WL,NVP,Plot L,1995,July,118.2,106,SR,SR,1994,SR,1996,1992,SR,1996,SR,Yes
WL,NVP,Plot L,1996,July,118.2,106,SR,SR,1995,Dead,NA,1992,SR,1996,SR,No
WL,NVP,Plot L,1990,July,119,107,SR,No.record,NA,SR,1991,1990,SR,1993,SR,Yes
WL,NVP,Plot L,1991,July,119,107,SR,SR,1990,SR,1992,1990,SR,1993,SR,Yes
WL,NVP,Plot L,1992,July,119,107,SR,SR,1991,SR,1993,1990,SR,1993,SR,Yes
WL,NVP,Plot L,1993,May,119,107,SR,SR,1992,Dead,NA,1990,SR,1993,SR,No
WL,NVP,Plot L,1990,July,120,108,SR,No.record,NA,SR,1991,1990,SR,1991,SR,Yes
WL,NVP,Plot L,1991,May,120,108,SR,SR,1990,Dead,NA,1990,SR,1991,SR,No
WL,NVP,Plot L,1990,July,121.1,109,SR,No.record,NA,Dead,NA,1990,SR,1990,SR,No
WL,NVP,Plot L,1993,July,121.2,110,SR,First.Appearance,NA,SR,1994,1993,SR,1995,SR,Yes
WL,NVP,Plot L,1994,July,121.2,110,SR,SR,1993,SR,1995,1993,SR,1995,SR,Yes
WL,NVP,Plot L,1995,July,121.2,110,SR,SR,1994,Dead,NA,1993,SR,1995,SR,No
WL,NVP,Plot L,1990,July,122,111,SR,No.record,NA,SR,1991,1990,SR,1991,SR,Yes
WL,NVP,Plot L,1991,May,122,111,SR,SR,1990,Dead,NA,1990,SR,1991,SR,No
WL,NVP,Plot L,1990,July,123,112,SR,No.record,NA,Dead,NA,1990,SR,1990,SR,No
WL,NVP,Plot L,2006,July,124.1,113,SR,First.Appearance,NA,Dead,NA,2006,SR,2006,SR,No
WL,NVP,Plot L,2007,July,124.2,114,SR,First.Appearance,NA,Dead,NA,2007,SR,2007,SR,No
WL,NVP,Plot L,2002,June,127,115,SR,First.Appearance,NA,Dead,NA,2002,SR,2002,SR,No
WL,NVP,Plot L,2005,July,135,116,SR,First.Appearance,NA,Dead,NA,2005,SR,2005,SR,No
WL,NVP,Plot L,2004,June,136,117,SR,First.Appearance,NA,Dead,NA,2004,SR,2004,SR,No
WL,NVP,Plot L,2005,July,137,118,SR,First.Appearance,NA,Dead,NA,2005,SR,2005,SR,No
WL,NVP,Plot L,2005,July,138,119,Seedling,First.Appearance,NA,SR,2006,2005,Seedling,2007,SR,Yes
WL,NVP,Plot L,2006,July,138,119,SR,Seedling,2005,SR,2007,2005,Seedling,2007,SR,Yes
WL,NVP,Plot L,2007,July,138,119,SR,SR,2006,Dead,NA,2005,Seedling,2007,SR,No
WL,NVP,Plot L,1998,July,150,120,SR,First.Appearance,NA,Dead,NA,1998,SR,1998,SR,No
WL,NVP,Plot L,2005,July,156,121,SR,First.Appearance,NA,SR,2006,2005,SR,2006,SR,Yes
WL,NVP,Plot L,2006,July,156,121,SR,SR,2005,Dead,NA,2005,SR,2006,SR,No
WL,NVP,Plot L,2001,May,161,122,Seedling,First.Appearance,NA,Dead,NA,2001,Seedling,2001,Seedling,No
WL,NVP,Plot L,2002,June,169,123,SR,First.Appearance,NA,SR,2003,2002,SR,2003,SR,Yes
WL,NVP,Plot L,2003,June,169,123,SR,SR,2002,Dead,NA,2002,SR,2003,SR,No
WL,NVP,Plot L,2001,May,170,124,Seedling,First.Appearance,NA,SR,2002,2001,Seedling,2002,SR,Yes
WL,NVP,Plot L,2002,May,170,124,SR,Seedling,2001,Dead,NA,2001,Seedling,2002,SR,No
WL,NVP,Plot L,2003,June,176,125,Seedling,First.Appearance,NA,Dead,NA,2003,Seedling,2003,Seedling,No
WL,NVP,Plot L,2005,July,178,126,Seedling,First.Appearance,NA,Dead,NA,2005,Seedling,2005,Seedling,No
WL,NVP,Plot L,2005,July,179,127,SR,First.Appearance,NA,SR,2006,2005,SR,2006,SR,Yes
WL,NVP,Plot L,2006,July,179,127,SR,SR,2005,Dead,NA,2005,SR,2006,SR,No
WL,NVP,Plot L,2005,July,180,128,SR,First.Appearance,NA,SR,2006,2005,SR,2006,SR,Yes
WL,NVP,Plot L,2006,July,180,128,SR,SR,2005,Dead,NA,2005,SR,2006,SR,No
WL,NVP,Plot L,2005,July,181,129,Seedling,First.Appearance,NA,SR,2006,2005,Seedling,2007,SR,Yes
WL,NVP,Plot L,2006,July,181,129,SR,Seedling,2005,SR,2007,2005,Seedling,2007,SR,Yes
WL,NVP,Plot L,2007,July,181,129,SR,SR,2006,Dead,NA,2005,Seedling,2007,SR,No
WL,NVP,Plot L,2005,July,182,130,Seedling,First.Appearance,NA,SR,2006,2005,Seedling,2006,SR,Yes
WL,NVP,Plot L,2006,July,182,130,SR,Seedling,2005,Dead,NA,2005,Seedling,2006,SR,No
WL,NVP,Plot L,2005,July,183,131,SR,First.Appearance,NA,Dead,NA,2005,SR,2005,SR,No
WL,NVP,Plot L,2002,June,193.1,132,SR,First.Appearance,NA,SR,2003,2002,SR,2004,SF,Yes
WL,NVP,Plot L,2003,June,193.1,132,SR,SR,2002,SF,2004,2002,SR,2004,SF,Yes
WL,NVP,Plot L,2004,June,193.1,132,SF,SR,2003,Dead,NA,2002,SR,2004,SF,No
WL,NVP,Plot L,2006,July,193.2,133,SR,First.Appearance,NA,SR,2007,2006,SR,2007,SR,Yes
WL,NVP,Plot L,2007,July,193.2,133,SR,SR,2006,Dead,NA,2006,SR,2007,SR,No
WL,NVP,Plot L,1993,July,201,134,SR,First.Appearance,NA,SR,1994,1993,SR,1994,SR,Yes
WL,NVP,Plot L,1994,May,201,134,SR,SR,1993,Dead,NA,1993,SR,1994,SR,No
WL,NVP,Plot L,1993,July,202,135,SR,First.Appearance,NA,SR,1994,1993,SR,1994,SR,Yes
WL,NVP,Plot L,1994,May,202,135,SR,SR,1993,Dead,NA,1993,SR,1994,SR,No
WL,NVP,Plot L,1993,July,203,136,Seedling,First.Appearance,NA,Dead,NA,1993,Seedling,1993,Seedling,No
WL,NVP,Plot L,1993,July,204,137,Seedling,First.Appearance,NA,SR,1994,1993,Seedling,1994,SR,Yes
WL,NVP,Plot L,1994,May,204,137,SR,Seedling,1993,Dead,NA,1993,Seedling,1994,SR,No
WL,NVP,Plot L,1993,July,205,138,SR,First.Appearance,NA,Dead,NA,1993,SR,1993,SR,No
WL,NVP,Plot L,1993,July,206,139,Seedling,First.Appearance,NA,Dead,NA,1993,Seedling,1993,Seedling,No
WL,NVP,Plot L,1993,July,208,140,SR,First.Appearance,NA,Dead,NA,1993,SR,1993,SR,No
WL,NVP,Plot L,1993,July,209,141,Seedling,First.Appearance,NA,Dead,NA,1993,Seedling,1993,Seedling,No
WL,NVP,Plot L,1993,July,210,142,Seedling,First.Appearance,NA,Dead,NA,1993,Seedling,1993,Seedling,No
WL,NVP,Plot L,2006,July,226,143,SR,First.Appearance,NA,Dead,NA,2006,SR,2006,SR,No
WL,NVP,Plot L,2006,July,227,144,SR,First.Appearance,NA,Dead,NA,2006,SR,2006,SR,No
WL,NVP,Plot L,2006,July,230,145,SR,First.Appearance,NA,Dead,NA,2006,SR,2006,SR,No
WL,NVP,Plot L,2005,July,244,146,Seedling,First.Appearance,NA,Dead,NA,2005,Seedling,2005,Seedling,No
WL,NVP,Plot L,2005,July,277,147,SR,First.Appearance,NA,Dead,NA,2005,SR,2005,SR,No
WL,NVP,Plot L,1990,July,280,148,SR,No.record,NA,SF,1991,1990,SR,1991,SF,Yes
WL,NVP,Plot L,1991,July,280,148,SF,SR,1990,Dead,NA,1990,SR,1991,SF,No
WL,NVP,Plot L,1996,July,281,149,SR,First.Appearance,NA,MR,1997,1996,SR,1999,SR,Yes
WL,NVP,Plot L,1997,May,281,149,MR,SR,1996,SR,1998,1996,SR,1999,SR,Yes
WL,NVP,Plot L,1998,July,281,149,SR,MR,1997,SR,1999,1996,SR,1999,SR,Yes
WL,NVP,Plot L,1999,July,281,149,SR,SR,1998,Dead,NA,1996,SR,1999,SR,No
WL,NVP,Plot L,1990,July,282.10000000000002,150,SR,No.record,NA,SR,1991,1990,SR,1991,SR,Yes
WL,NVP,Plot L,1991,May,282.10000000000002,150,SR,SR,1990,Dead,NA,1990,SR,1991,SR,No
WL,NVP,Plot L,1994,July,282.2,151,SR,First.Appearance,NA,SR,1995,1994,SR,1996,SR,Yes
WL,NVP,Plot L,1995,July,282.2,151,SR,SR,1994,SR,1996,1994,SR,1996,SR,Yes
WL,NVP,Plot L,1996,May,282.2,151,SR,SR,1995,Dead,NA,1994,SR,1996,SR,No
WL,NVP,Plot L,1990,July,283,152,SR,No.record,NA,SR,1991,1990,SR,1991,SR,Yes
WL,NVP,Plot L,1991,May,283,152,SR,SR,1990,Dead,NA,1990,SR,1991,SR,No
WL,NVP,Plot L,2003,June,284,153,Seedling,First.Appearance,NA,Dead,NA,2003,Seedling,2003,Seedling,No
WL,NVP,Plot L,2002,June,306.10000000000002,154,SR,First.Appearance,NA,Dead,NA,2002,SR,2002,SR,No
WL,NVP,Plot L,2003,June,306.2,155,MR,First.Appearance,NA,Dead,NA,2003,MR,2003,MR,No
WL,NVP,Plot L,1996,May,308,156,SR,First.Appearance,NA,Dead,NA,1996,SR,1996,SR,No
WL,NVP,Plot L,1995,July,309,157,SR,First.Appearance,NA,SR,1996,1995,SR,1998,SR,Yes
WL,NVP,Plot L,1996,July,309,157,SR,SR,1995,SR,1997,1995,SR,1998,SR,Yes
WL,NVP,Plot L,1997,May,309,157,SR,SR,1996,SR,1998,1995,SR,1998,SR,Yes
WL,NVP,Plot L,1998,July,309,157,SR,SR,1997,Dead,NA,1995,SR,1998,SR,No
WL,NVP,Plot L,1995,July,310,158,SR,First.Appearance,NA,SR,1996,1995,SR,2002,MR,Yes
WL,NVP,Plot L,1996,July,310,158,SR,SR,1995,SR,1997,1995,SR,2002,MR,Yes
WL,NVP,Plot L,1997,July,310,158,SR,SR,1996,SR,1998,1995,SR,2002,MR,Yes
WL,NVP,Plot L,1998,May,310,158,SR,SR,1997,inactive,1999,1995,SR,2002,MR,Yes
WL,NVP,Plot L,1999,May,310,158,inactive,SR,1998,SR,2000,1995,SR,2002,MR,Yes
WL,NVP,Plot L,2000,May,310,158,SR,inactive,1999,SR,2001,1995,SR,2002,MR,Yes
WL,NVP,Plot L,2001,May,310,158,SR,SR,2000,MR,2002,1995,SR,2002,MR,Yes
WL,NVP,Plot L,2002,June,310,158,MR,SR,2001,Dead,NA,1995,SR,2002,MR,No
WL,NVP,Plot L,1995,July,311,159,SR,First.Appearance,NA,Dead,NA,1995,SR,1995,SR,No
WL,NVP,Plot L,1994,July,312.10000000000002,160,Seedling,First.Appearance,NA,Dead,NA,1994,Seedling,1994,Seedling,No
WL,NVP,Plot L,1995,July,312.2,161,SR,First.Appearance,NA,SR,1996,1995,SR,1996,SR,Yes
WL,NVP,Plot L,1996,July,312.2,161,SR,SR,1995,Dead,NA,1995,SR,1996,SR,No
WL,NVP,Plot L,1995,July,313.10000000000002,162,SR,First.Appearance,NA,SR,1996,1995,SR,1996,SR,Yes
WL,NVP,Plot L,1996,May,313.10000000000002,162,SR,SR,1995,Dead,NA,1995,SR,1996,SR,No
WL,NVP,Plot L,1999,July,313.2,163,SR,First.Appearance,NA,inactive,2000,1999,SR,2001,SR,Yes
WL,NVP,Plot L,2000,May,313.2,163,inactive,SR,1999,SR,2001,1999,SR,2001,SR,Yes
WL,NVP,Plot L,2001,May,313.2,163,SR,inactive,2000,Dead,NA,1999,SR,2001,SR,No
WL,NVP,Plot L,2002,June,313.3,164,SR,First.Appearance,NA,SR,2003,2002,SR,2003,SR,Yes
WL,NVP,Plot L,2003,June,313.3,164,SR,SR,2002,Dead,NA,2002,SR,2003,SR,No
WL,NVP,Plot L,1995,July,314,165,SR,First.Appearance,NA,SR,1996,1995,SR,1996,SR,Yes
WL,NVP,Plot L,1996,July,314,165,SR,SR,1995,Dead,NA,1995,SR,1996,SR,No
WL,NVP,Plot L,1996,May,315,166,SR,First.Appearance,NA,Dead,NA,1996,SR,1996,SR,No
WL,NVP,Plot L,1996,May,316,167,Seedling,First.Appearance,NA,SR,1997,1996,Seedling,1997,SR,Yes
WL,NVP,Plot L,1997,May,316,167,SR,Seedling,1996,Dead,NA,1996,Seedling,1997,SR,No
WL,NVP,Plot L,1996,May,318,168,Seedling,First.Appearance,NA,Dead,NA,1996,Seedling,1996,Seedling,No
WL,NVP,Plot L,1996,May,319,169,Seedling,First.Appearance,NA,Dead,NA,1996,Seedling,1996,Seedling,No
WL,NVP,Plot L,1996,July,320,170,SR,First.Appearance,NA,SR,1997,1996,SR,1997,SR,Yes
WL,NVP,Plot L,1997,July,320,170,SR,SR,1996,Dead,NA,1996,SR,1997,SR,No
WL,NVP,Plot L,1996,July,321,171,SR,First.Appearance,NA,SR,1997,1996,SR,2000,SR,Yes
WL,NVP,Plot L,1997,July,321,171,SR,SR,1996,SR,1998,1996,SR,2000,SR,Yes
WL,NVP,Plot L,1998,July,321,171,SR,SR,1997,SR,1999,1996,SR,2000,SR,Yes
WL,NVP,Plot L,1999,July,321,171,SR,SR,1998,SR,2000,1996,SR,2000,SR,Yes
WL,NVP,Plot L,2000,May,321,171,SR,SR,1999,Dead,NA,1996,SR,2000,SR,No
WL,NVP,Plot L,1996,May,322,172,Seedling,First.Appearance,NA,Dead,NA,1996,Seedling,1996,Seedling,No
WL,NVP,Plot L,1996,May,324.10000000000002,173,Seedling,First.Appearance,NA,SR,1997,1996,Seedling,2000,SR,Yes
WL,NVP,Plot L,1997,July,324.10000000000002,173,SR,Seedling,1996,SR,1998,1996,Seedling,2000,SR,Yes
WL,NVP,Plot L,1998,May,324.10000000000002,173,SR,SR,1997,SR,1999,1996,Seedling,2000,SR,Yes
WL,NVP,Plot L,1999,July,324.10000000000002,173,SR,SR,1998,SR,2000,1996,Seedling,2000,SR,Yes
WL,NVP,Plot L,2000,May,324.10000000000002,173,SR,SR,1999,Dead,NA,1996,Seedling,2000,SR,No
WL,NVP,Plot L,2001,May,324.2,174,SR,First.Appearance,NA,MR,2002,2001,SR,2004,SR,Yes
WL,NVP,Plot L,2002,June,324.2,174,MR,SR,2001,SR,2003,2001,SR,2004,SR,Yes
WL,NVP,Plot L,2003,June,324.2,174,SR,MR,2002,SR,2004,2001,SR,2004,SR,Yes
WL,NVP,Plot L,2004,June,324.2,174,SR,SR,2003,Dead,NA,2001,SR,2004,SR,No
WL,NVP,Plot L,1996,May,325,175,Seedling,First.Appearance,NA,SR,1997,1996,Seedling,1997,SR,Yes
WL,NVP,Plot L,1997,May,325,175,SR,Seedling,1996,Dead,NA,1996,Seedling,1997,SR,No
WL,NVP,Plot L,1996,May,326,176,Seedling,First.Appearance,NA,SR,1997,1996,Seedling,2002,MR,Yes
WL,NVP,Plot L,1997,July,326,176,SR,Seedling,1996,SR,1998,1996,Seedling,2002,MR,Yes
WL,NVP,Plot L,1998,July,326,176,SR,SR,1997,SR,1999,1996,Seedling,2002,MR,Yes
WL,NVP,Plot L,1999,July,326,176,SR,SR,1998,inactive,2000,1996,Seedling,2002,MR,Yes
WL,NVP,Plot L,2000,May,326,176,inactive,SR,1999,SR,2001,1996,Seedling,2002,MR,Yes
WL,NVP,Plot L,2001,May,326,176,SR,inactive,2000,MR,2002,1996,Seedling,2002,MR,Yes
WL,NVP,Plot L,2002,May,326,176,MR,SR,2001,Dead,NA,1996,Seedling,2002,MR,No
WL,NVP,Plot L,1996,May,327,177,Seedling,First.Appearance,NA,Dead,NA,1996,Seedling,1996,Seedling,No
WL,NVP,Plot L,2006,July,347.1,178,SR,First.Appearance,NA,SR,2007,2006,SR,2007,SR,Yes
WL,NVP,Plot L,2007,July,347.1,178,SR,SR,2006,Dead,NA,2006,SR,2007,SR,No
WL,NVP,Plot L,2008,June,347.2,179,SR,First.Appearance,NA,SR,2009,2008,SR,2009,SR,Yes
WL,NVP,Plot L,2009,June,347.2,179,SR,SR,2008,NA,NA,2008,SR,2009,SR,NA
WL,NVP,Plot L,1996,July,394,180,Seedling,First.Appearance,NA,SR,1997,1996,Seedling,1998,SR,Yes
WL,NVP,Plot L,1997,July,394,180,SR,Seedling,1996,SR,1998,1996,Seedling,1998,SR,Yes
WL,NVP,Plot L,1998,May,394,180,SR,SR,1997,Dead,NA,1996,Seedling,1998,SR,No
WL,NVP,Plot L,1996,July,396,181,Seedling,First.Appearance,NA,Dead,NA,1996,Seedling,1996,Seedling,No
WL,NVP,Plot L,1996,July,397,182,SR,First.Appearance,NA,SR,1997,1996,SR,1997,SR,Yes
WL,NVP,Plot L,1997,July,397,182,SR,SR,1996,Dead,NA,1996,SR,1997,SR,No
WL,NVP,Plot L,1996,May,398,183,Seedling,First.Appearance,NA,SR,1997,1996,Seedling,1997,SR,Yes
WL,NVP,Plot L,1997,May,398,183,SR,Seedling,1996,Dead,NA,1996,Seedling,1997,SR,No
WL,NVP,Plot L,1996,July,399.1,184,SR,First.Appearance,NA,SR,1997,1996,SR,1998,SF,Yes
WL,NVP,Plot L,1997,July,399.1,184,SR,SR,1996,SF,1998,1996,SR,1998,SF,Yes
WL,NVP,Plot L,1998,July,399.1,184,SF,SR,1997,Dead,NA,1996,SR,1998,SF,No
WL,NVP,Plot L,1999,July,399.2,185,SR,First.Appearance,NA,SR,2000,1999,SR,2001,SR,Yes
WL,NVP,Plot L,2000,May,399.2,185,SR,SR,1999,SR,2001,1999,SR,2001,SR,Yes
WL,NVP,Plot L,2001,May,399.2,185,SR,SR,2000,Dead,NA,1999,SR,2001,SR,No
WL,NVP,Plot L,1991,July,401,186,SR,First.Appearance,NA,Dead,NA,1991,SR,1991,SR,No
WL,NVP,Plot L,1991,May,402,187,Seedling,First.Appearance,NA,Dead,NA,1991,Seedling,1991,Seedling,No
WL,NVP,Plot L,1991,July,403,188,SR,First.Appearance,NA,Dead,NA,1991,SR,1991,SR,No
WL,NVP,Plot L,1991,May,404,189,Seedling,First.Appearance,NA,Dead,NA,1991,Seedling,1991,Seedling,No
WL,NVP,Plot L,1991,May,405,190,Seedling,First.Appearance,NA,Dead,NA,1991,Seedling,1991,Seedling,No
WL,NVP,Plot L,1991,May,406,191,Seedling,First.Appearance,NA,SR,1992,1991,Seedling,1995,SR,Yes
WL,NVP,Plot L,1992,May,406,191,SR,Seedling,1991,SR,1993,1991,Seedling,1995,SR,Yes
WL,NVP,Plot L,1993,July,406,191,SR,SR,1992,SR,1994,1991,Seedling,1995,SR,Yes
WL,NVP,Plot L,1994,May,406,191,SR,SR,1993,SR,1995,1991,Seedling,1995,SR,Yes
WL,NVP,Plot L,1995,May,406,191,SR,SR,1994,Dead,NA,1991,Seedling,1995,SR,No
WL,NVP,Plot L,1991,July,407,192,SR,First.Appearance,NA,SR,1992,1991,SR,1998,SR,Yes
WL,NVP,Plot L,1992,July,407,192,SR,SR,1991,SR,1993,1991,SR,1998,SR,Yes
WL,NVP,Plot L,1993,July,407,192,SR,SR,1992,inactive,1994,1991,SR,1998,SR,Yes
WL,NVP,Plot L,1994,May,407,192,inactive,SR,1993,SR,1995,1991,SR,1998,SR,Yes
WL,NVP,Plot L,1995,July,407,192,SR,inactive,1994,SR,1996,1991,SR,1998,SR,Yes
WL,NVP,Plot L,1996,July,407,192,SR,SR,1995,inactive,1997,1991,SR,1998,SR,Yes
WL,NVP,Plot L,1997,May,407,192,inactive,SR,1996,SR,1998,1991,SR,1998,SR,Yes
WL,NVP,Plot L,1998,July,407,192,SR,inactive,1997,Dead,NA,1991,SR,1998,SR,No
WL,NVP,Plot L,1991,May,408,193,Seedling,First.Appearance,NA,Dead,NA,1991,Seedling,1991,Seedling,No
WL,NVP,Plot L,1991,July,409,194,SR,First.Appearance,NA,SR,1992,1991,SR,1993,SR,Yes
WL,NVP,Plot L,1992,July,409,194,SR,SR,1991,SR,1993,1991,SR,1993,SR,Yes
WL,NVP,Plot L,1993,July,409,194,SR,SR,1992,Dead,NA,1991,SR,1993,SR,No
WL,NVP,Plot L,1991,July,410,195,SR,First.Appearance,NA,SR,1992,1991,SR,1992,SR,Yes
WL,NVP,Plot L,1992,May,410,195,SR,SR,1991,Dead,NA,1991,SR,1992,SR,No
WL,NVP,Plot L,1997,May,411,196,SR,First.Appearance,NA,Dead,NA,1997,SR,1997,SR,No
WL,NVP,Plot L,1995,July,412,197,SR,First.Appearance,NA,SR,1996,1995,SR,1996,SR,Yes
WL,NVP,Plot L,1996,July,412,197,SR,SR,1995,Dead,NA,1995,SR,1996,SR,No
WL,NVP,Plot L,1991,May,413,198,Seedling,First.Appearance,NA,Dead,NA,1991,Seedling,1991,Seedling,No
WL,NVP,Plot L,1995,July,414,199,SR,First.Appearance,NA,Dead,NA,1995,SR,1995,SR,No
WL,NVP,Plot L,1991,May,415.1,200,SR,First.Appearance,NA,Dead,NA,1991,SR,1991,SR,No
WL,NVP,Plot L,1993,May,415.2,201,SR,First.Appearance,NA,SR,1994,1993,SR,1997,SR,Yes
WL,NVP,Plot L,1994,July,415.2,201,SR,SR,1993,SR,1995,1993,SR,1997,SR,Yes
WL,NVP,Plot L,1995,July,415.2,201,SR,SR,1994,SR,1996,1993,SR,1997,SR,Yes
WL,NVP,Plot L,1996,July,415.2,201,SR,SR,1995,SR,1997,1993,SR,1997,SR,Yes
WL,NVP,Plot L,1997,July,415.2,201,SR,SR,1996,Dead,NA,1993,SR,1997,SR,No
WL,NVP,Plot L,1991,May,416,202,SR,First.Appearance,NA,Dead,NA,1991,SR,1991,SR,No
WL,NVP,Plot L,1991,May,417,203,Seedling,First.Appearance,NA,Dead,NA,1991,Seedling,1991,Seedling,No
WL,NVP,Plot L,1991,May,418,204,SR,First.Appearance,NA,Dead,NA,1991,SR,1991,SR,No
WL,NVP,Plot L,1991,May,419,205,Seedling,First.Appearance,NA,Dead,NA,1991,Seedling,1991,Seedling,No
WL,NVP,Plot L,1991,July,420,206,SR,First.Appearance,NA,Dead,NA,1991,SR,1991,SR,No
WL,NVP,Plot L,1991,May,421,207,SR,First.Appearance,NA,Dead,NA,1991,SR,1991,SR,No
WL,NVP,Plot L,1991,July,422,208,SR,First.Appearance,NA,SR,1992,1991,SR,1994,SR,Yes
WL,NVP,Plot L,1992,July,422,208,SR,SR,1991,SR,1993,1991,SR,1994,SR,Yes
WL,NVP,Plot L,1993,May,422,208,SR,SR,1992,SR,1994,1991,SR,1994,SR,Yes
WL,NVP,Plot L,1994,July,422,208,SR,SR,1993,Dead,NA,1991,SR,1994,SR,No
WL,NVP,Plot L,1991,May,423,209,Seedling,First.Appearance,NA,Dead,NA,1991,Seedling,1991,Seedling,No
WL,NVP,Plot L,1991,May,424,210,Seedling,First.Appearance,NA,Dead,NA,1991,Seedling,1991,Seedling,No
WL,NVP,Plot L,1991,July,425,211,SR,First.Appearance,NA,SR,1992,1991,SR,1992,SR,Yes
WL,NVP,Plot L,1992,July,425,211,SR,SR,1991,Dead,NA,1991,SR,1992,SR,No
WL,NVP,Plot L,1991,July,426,212,SR,First.Appearance,NA,SR,1992,1991,SR,1992,SR,Yes
WL,NVP,Plot L,1992,May,426,212,SR,SR,1991,Dead,NA,1991,SR,1992,SR,No
WL,NVP,Plot L,1991,May,428,213,Seedling,First.Appearance,NA,Dead,NA,1991,Seedling,1991,Seedling,No
WL,NVP,Plot L,2005,July,440,214,SR,First.Appearance,NA,SR,2006,2005,SR,2009,SF,Yes
WL,NVP,Plot L,2006,July,440,214,SR,SR,2005,SR,2007,2005,SR,2009,SF,Yes
WL,NVP,Plot L,2007,July,440,214,SR,SR,2006,SR,2008,2005,SR,2009,SF,Yes
WL,NVP,Plot L,2008,June,440,214,SR,SR,2007,SF,2009,2005,SR,2009,SF,Yes
WL,NVP,Plot L,2009,June,440,214,SF,SR,2008,Dead,NA,2005,SR,2009,SF,No
WL,NVP,Plot L,2005,July,544,215,Seedling,First.Appearance,NA,Dead,NA,2005,Seedling,2005,Seedling,No
WL,NVP,Plot L,2002,June,546,216,SR,First.Appearance,NA,Dead,NA,2002,SR,2002,SR,No
WL,NVP,Plot L,2006,July,592,217,SR,First.Appearance,NA,SR,2007,2006,SR,2007,SR,Yes
WL,NVP,Plot L,2007,July,592,217,SR,SR,2006,Dead,NA,2006,SR,2007,SR,No
WL,NVP,Plot L,1992,July,601,218,SR,First.Appearance,NA,SR,1993,1992,SR,1998,SR,Yes
WL,NVP,Plot L,1993,July,601,218,SR,SR,1992,inactive,1994,1992,SR,1998,SR,Yes
WL,NVP,Plot L,1994,May,601,218,inactive,SR,1993,SR,1995,1992,SR,1998,SR,Yes
WL,NVP,Plot L,1995,July,601,218,SR,inactive,1994,SR,1996,1992,SR,1998,SR,Yes
WL,NVP,Plot L,1996,July,601,218,SR,SR,1995,SR,1997,1992,SR,1998,SR,Yes
WL,NVP,Plot L,1997,July,601,218,SR,SR,1996,SR,1998,1992,SR,1998,SR,Yes
WL,NVP,Plot L,1998,May,601,218,SR,SR,1997,Dead,NA,1992,SR,1998,SR,No
WL,NVP,Plot L,1990,July,611.1,219,SR,No.record,NA,SR,1991,1990,SR,1992,SR,Yes
WL,NVP,Plot L,1991,July,611.1,219,SR,SR,1990,SR,1992,1990,SR,1992,SR,Yes
WL,NVP,Plot L,1992,May,611.1,219,SR,SR,1991,Dead,NA,1990,SR,1992,SR,No
WL,NVP,Plot L,1994,July,611.20000000000005,220,SR,First.Appearance,NA,SR,1995,1994,SR,1995,SR,Yes
WL,NVP,Plot L,1995,May,611.20000000000005,220,SR,SR,1994,Dead,NA,1994,SR,1995,SR,No
WL,NVP,Plot L,1997,May,613,221,Seedling,First.Appearance,NA,Dead,NA,1997,Seedling,1997,Seedling,No
WL,NVP,Plot L,1997,July,614,222,SR,First.Appearance,NA,SR,1998,1997,SR,2001,SR,Yes
WL,NVP,Plot L,1998,July,614,222,SR,SR,1997,SR,1999,1997,SR,2001,SR,Yes
WL,NVP,Plot L,1999,July,614,222,SR,SR,1998,SR,2000,1997,SR,2001,SR,Yes
WL,NVP,Plot L,2000,May,614,222,SR,SR,1999,SR,2001,1997,SR,2001,SR,Yes
WL,NVP,Plot L,2001,May,614,222,SR,SR,2000,Dead,NA,1997,SR,2001,SR,No
WL,NVP,Plot L,1997,July,615,223,SR,First.Appearance,NA,inactive,1998,1997,SR,1999,SR,Yes
WL,NVP,Plot L,1998,May,615,223,inactive,SR,1997,SR,1999,1997,SR,1999,SR,Yes
WL,NVP,Plot L,1999,July,615,223,SR,inactive,1998,Dead,NA,1997,SR,1999,SR,No
WL,NVP,Plot L,1999,May,616,224,Seedling,First.Appearance,NA,SR,2000,1999,Seedling,2006,SR,Yes
WL,NVP,Plot L,2000,May,616,224,SR,Seedling,1999,SR,2001,1999,Seedling,2006,SR,Yes
WL,NVP,Plot L,2001,May,616,224,SR,SR,2000,SR,2002,1999,Seedling,2006,SR,Yes
WL,NVP,Plot L,2002,June,616,224,SR,SR,2001,SR,2003,1999,Seedling,2006,SR,Yes
WL,NVP,Plot L,2003,June,616,224,SR,SR,2002,SR,2004,1999,Seedling,2006,SR,Yes
WL,NVP,Plot L,2004,June,616,224,SR,SR,2003,inactive,2005,1999,Seedling,2006,SR,Yes
WL,NVP,Plot L,2005,July,616,224,inactive,SR,2004,SR,2006,1999,Seedling,2006,SR,Yes
WL,NVP,Plot L,2006,July,616,224,SR,inactive,2005,Dead,NA,1999,Seedling,2006,SR,No
WL,NVP,Plot L,1999,May,617,225,Seedling,First.Appearance,NA,SR,2000,1999,Seedling,2000,SR,Yes
WL,NVP,Plot L,2000,May,617,225,SR,Seedling,1999,Dead,NA,1999,Seedling,2000,SR,No
WL,NVP,Plot L,1999,July,618.1,226,SR,First.Appearance,NA,SR,2000,1999,SR,2002,SR,Yes
WL,NVP,Plot L,2000,May,618.1,226,SR,SR,1999,SR,2001,1999,SR,2002,SR,Yes
WL,NVP,Plot L,2001,May,618.1,226,SR,SR,2000,SR,2002,1999,SR,2002,SR,Yes
WL,NVP,Plot L,2002,June,618.1,226,SR,SR,2001,Dead,NA,1999,SR,2002,SR,No
WL,NVP,Plot L,2003,June,618.20000000000005,227,SF,First.Appearance,NA,Dead,NA,2003,SF,2003,SF,No
WL,NVP,Plot L,2004,June,618.29999999999995,228,SR,First.Appearance,NA,SR,2005,2004,SR,2006,SR,Yes
WL,NVP,Plot L,2005,July,618.29999999999995,228,SR,SR,2004,SR,2006,2004,SR,2006,SR,Yes
WL,NVP,Plot L,2006,July,618.29999999999995,228,SR,SR,2005,Dead,NA,2004,SR,2006,SR,No
WL,NVP,Plot L,1999,May,619,229,Seedling,First.Appearance,NA,Dead,NA,1999,Seedling,1999,Seedling,No
WL,NVP,Plot L,1999,May,620,230,Seedling,First.Appearance,NA,SR,2000,1999,Seedling,2000,SR,Yes
WL,NVP,Plot L,2000,May,620,230,SR,Seedling,1999,Dead,NA,1999,Seedling,2000,SR,No
WL,NVP,Plot L,1999,May,621,231,Seedling,First.Appearance,NA,Dead,NA,1999,Seedling,1999,Seedling,No
WL,NVP,Plot L,1999,July,622.1,232,SR,First.Appearance,NA,SR,2000,1999,SR,2000,SR,Yes
WL,NVP,Plot L,2000,May,622.1,232,SR,SR,1999,Dead,NA,1999,SR,2000,SR,No
WL,NVP,Plot L,2001,May,622.20000000000005,233,SR,First.Appearance,NA,SR,2002,2001,SR,2003,SF,Yes
WL,NVP,Plot L,2002,June,622.20000000000005,233,SR,SR,2001,SF,2003,2001,SR,2003,SF,Yes
WL,NVP,Plot L,2003,June,622.20000000000005,233,SF,SR,2002,Dead,NA,2001,SR,2003,SF,No
WL,NVP,Plot L,2004,June,622.29999999999995,234,SR,First.Appearance,NA,SR,2005,2004,SR,2007,SF,Yes
WL,NVP,Plot L,2005,July,622.29999999999995,234,SR,SR,2004,SR,2006,2004,SR,2007,SF,Yes
WL,NVP,Plot L,2006,July,622.29999999999995,234,SR,SR,2005,SF,2007,2004,SR,2007,SF,Yes
WL,NVP,Plot L,2007,July,622.29999999999995,234,SF,SR,2006,Dead,NA,2004,SR,2007,SF,No
WL,NVP,Plot L,2008,June,622.4,235,SR,First.Appearance,NA,SR,2009,2008,SR,2009,SR,Yes
WL,NVP,Plot L,2009,June,622.4,235,SR,SR,2008,NA,NA,2008,SR,2009,SR,NA
WL,NVP,Plot L,1999,July,623.1,236,SR,First.Appearance,NA,SR,2000,1999,SR,2000,SR,Yes
WL,NVP,Plot L,2000,May,623.1,236,SR,SR,1999,Dead,NA,1999,SR,2000,SR,No
WL,NVP,Plot L,2001,May,623.20000000000005,237,SR,First.Appearance,NA,SR,2002,2001,SR,2002,SR,Yes
WL,NVP,Plot L,2002,June,623.20000000000005,237,SR,SR,2001,Dead,NA,2001,SR,2002,SR,No
WL,NVP,Plot L,2005,July,631,239,Seedling,First.Appearance,NA,Dead,NA,2005,Seedling,2005,Seedling,No
WL,NVP,Plot L,2006,July,634,240,SR,First.Appearance,NA,Dead,NA,2006,SR,2006,SR,No
WL,NVP,Plot L,2006,July,636,241,SR,First.Appearance,NA,Dead,NA,2006,SR,2006,SR,No
WL,NVP,Plot L,1997,May,637,242,Seedling,First.Appearance,NA,Dead,NA,1997,Seedling,1997,Seedling,No
WL,NVP,Plot L,2000,May,638.1,243,SR,First.Appearance,NA,inactive,2001,2000,SR,2005,SF,Yes
WL,NVP,Plot L,2001,May,638.1,243,inactive,SR,2000,SR,2002,2000,SR,2005,SF,Yes
WL,NVP,Plot L,2002,June,638.1,243,SR,inactive,2001,inactive,2003,2000,SR,2005,SF,Yes
WL,NVP,Plot L,2003,June,638.1,243,inactive,SR,2002,SR,2004,2000,SR,2005,SF,Yes
WL,NVP,Plot L,2004,June,638.1,243,SR,inactive,2003,SF,2005,2000,SR,2005,SF,Yes
WL,NVP,Plot L,2005,July,638.1,243,SF,SR,2004,Dead,NA,2000,SR,2005,SF,No
WL,NVP,Plot L,2006,July,638.20000000000005,244,SR,First.Appearance,NA,SR,2007,2006,SR,2009,SR,Yes
WL,NVP,Plot L,2007,July,638.20000000000005,244,SR,SR,2006,SR,2008,2006,SR,2009,SR,Yes
WL,NVP,Plot L,2008,June,638.20000000000005,244,SR,SR,2007,SR,2009,2006,SR,2009,SR,Yes
WL,NVP,Plot L,2009,June,638.20000000000005,244,SR,SR,2008,NA,NA,2006,SR,2009,SR,NA
WL,NVP,Plot L,1999,July,639,245,SR,First.Appearance,NA,SR,2000,1999,SR,2004,SR,Yes
WL,NVP,Plot L,2000,May,639,245,SR,SR,1999,SR,2001,1999,SR,2004,SR,Yes
WL,NVP,Plot L,2001,May,639,245,SR,SR,2000,SR,2002,1999,SR,2004,SR,Yes
WL,NVP,Plot L,2002,June,639,245,SR,SR,2001,SR,2003,1999,SR,2004,SR,Yes
WL,NVP,Plot L,2003,June,639,245,SR,SR,2002,SR,2004,1999,SR,2004,SR,Yes
WL,NVP,Plot L,2004,June,639,245,SR,SR,2003,Dead,NA,1999,SR,2004,SR,No
WL,NVP,Plot L,1999,July,640.1,246,SR,First.Appearance,NA,Dead,NA,1999,SR,1999,SR,No
WL,NVP,Plot L,2001,May,640.20000000000005,247,SR,First.Appearance,NA,SR,2002,2001,SR,2003,SF,Yes
WL,NVP,Plot L,2002,June,640.20000000000005,247,SR,SR,2001,SF,2003,2001,SR,2003,SF,Yes
WL,NVP,Plot L,2003,June,640.20000000000005,247,SF,SR,2002,Dead,NA,2001,SR,2003,SF,No
WL,NVP,Plot L,2004,June,643.1,248,SR,First.Appearance,NA,SR,2005,2004,SR,2005,SR,Yes
WL,NVP,Plot L,2005,July,643.1,248,SR,SR,2004,Dead,NA,2004,SR,2005,SR,No
WL,NVP,Plot L,2006,July,643.20000000000005,249,SR,First.Appearance,NA,Dead,NA,2006,SR,2006,SR,No
WL,NVP,Plot L,2003,June,657,250,Seedling,First.Appearance,NA,Dead,NA,2003,Seedling,2003,Seedling,No
WL,NVP,Plot L,1991,July,671,251,SR,First.Appearance,NA,Dead,NA,1991,SR,1991,SR,No
WL,NVP,Plot L,1991,July,673,252,SR,First.Appearance,NA,SR,1992,1991,SR,1998,SR,Yes
WL,NVP,Plot L,1992,July,673,252,SR,SR,1991,SR,1993,1991,SR,1998,SR,Yes
WL,NVP,Plot L,1993,July,673,252,SR,SR,1992,SR,1994,1991,SR,1998,SR,Yes
WL,NVP,Plot L,1994,July,673,252,SR,SR,1993,SR,1995,1991,SR,1998,SR,Yes
WL,NVP,Plot L,1995,July,673,252,SR,SR,1994,SR,1996,1991,SR,1998,SR,Yes
WL,NVP,Plot L,1996,July,673,252,SR,SR,1995,inactive,1997,1991,SR,1998,SR,Yes
WL,NVP,Plot L,1997,May,673,252,inactive,SR,1996,SR,1998,1991,SR,1998,SR,Yes
WL,NVP,Plot L,1998,July,673,252,SR,inactive,1997,Dead,NA,1991,SR,1998,SR,No
WL,NVP,Plot L,1991,July,674,253,Seedling,First.Appearance,NA,SR,1992,1991,Seedling,1992,SR,Yes
WL,NVP,Plot L,1992,May,674,253,SR,Seedling,1991,Dead,NA,1991,Seedling,1992,SR,No
WL,NVP,Plot L,1996,July,677,254,SR,First.Appearance,NA,SR,1997,1996,SR,1997,SR,Yes
WL,NVP,Plot L,1997,May,677,254,SR,SR,1996,Dead,NA,1996,SR,1997,SR,No
WL,NVP,Plot L,1991,July,678,255,SR,First.Appearance,NA,SR,1992,1991,SR,1996,SR,Yes
WL,NVP,Plot L,1992,July,678,255,SR,SR,1991,SR,1993,1991,SR,1996,SR,Yes
WL,NVP,Plot L,1993,July,678,255,SR,SR,1992,SR,1994,1991,SR,1996,SR,Yes
WL,NVP,Plot L,1994,May,678,255,SR,SR,1993,SR,1995,1991,SR,1996,SR,Yes
WL,NVP,Plot L,1995,July,678,255,SR,SR,1994,SR,1996,1991,SR,1996,SR,Yes
WL,NVP,Plot L,1996,July,678,255,SR,SR,1995,Dead,NA,1991,SR,1996,SR,No
WL,NVP,Plot L,1991,July,679.1,256,SR,First.Appearance,NA,Dead,NA,1991,SR,1991,SR,No
WL,NVP,Plot L,1993,July,679.2,257,SR,First.Appearance,NA,SR,1994,1993,SR,1994,SR,Yes
WL,NVP,Plot L,1994,July,679.2,257,SR,SR,1993,Dead,NA,1993,SR,1994,SR,No
WL,NVP,Plot L,1995,July,679.3,258,SR,First.Appearance,NA,SR,1996,1995,SR,1996,SR,Yes
WL,NVP,Plot L,1996,May,679.3,258,SR,SR,1995,Dead,NA,1995,SR,1996,SR,No
WL,NVP,Plot L,1997,July,679.4,259,SR,First.Appearance,NA,SR,1998,1997,SR,1998,SR,Yes
WL,NVP,Plot L,1998,July,679.4,259,SR,SR,1997,Dead,NA,1997,SR,1998,SR,No
WL,NVP,Plot L,1995,May,680,260,SR,First.Appearance,NA,Dead,NA,1995,SR,1995,SR,No
WL,NVP,Plot L,2001,May,681,261,Seedling,First.Appearance,NA,Dead,NA,2001,Seedling,2001,Seedling,No
WL,NVP,Plot L,2001,May,683,262,Seedling,First.Appearance,NA,Dead,NA,2001,Seedling,2001,Seedling,No
WL,NVP,Plot L,2006,July,691,263,SR,First.Appearance,NA,SR,2007,2006,SR,2009,SR,Yes
WL,NVP,Plot L,2007,July,691,263,SR,SR,2006,SR,2008,2006,SR,2009,SR,Yes
WL,NVP,Plot L,2008,June,691,263,SR,SR,2007,SR,2009,2006,SR,2009,SR,Yes
WL,NVP,Plot L,2009,June,691,263,SR,SR,2008,NA,NA,2006,SR,2009,SR,NA
WL,NVP,Plot L,1992,July,701,264,SR,First.Appearance,NA,Dead,NA,1992,SR,1992,SR,No
WL,NVP,Plot L,1992,July,702,265,SR,First.Appearance,NA,SR,1993,1992,SR,1994,SR,Yes
WL,NVP,Plot L,1993,July,702,265,SR,SR,1992,SR,1994,1992,SR,1994,SR,Yes
WL,NVP,Plot L,1994,May,702,265,SR,SR,1993,Dead,NA,1992,SR,1994,SR,No
WL,NVP,Plot L,1992,May,703,266,SR,First.Appearance,NA,SR,1993,1992,SR,1994,SR,Yes
WL,NVP,Plot L,1993,July,703,266,SR,SR,1992,SR,1994,1992,SR,1994,SR,Yes
WL,NVP,Plot L,1994,May,703,266,SR,SR,1993,Dead,NA,1992,SR,1994,SR,No
WL,NVP,Plot L,1992,July,704,267,SR,First.Appearance,NA,SR,1993,1992,SR,1997,SR,Yes
WL,NVP,Plot L,1993,July,704,267,SR,SR,1992,SR,1994,1992,SR,1997,SR,Yes
WL,NVP,Plot L,1994,July,704,267,SR,SR,1993,SR,1995,1992,SR,1997,SR,Yes
WL,NVP,Plot L,1995,July,704,267,SR,SR,1994,MR,1996,1992,SR,1997,SR,Yes
WL,NVP,Plot L,1996,July,704,267,MR,SR,1995,SR,1997,1992,SR,1997,SR,Yes
WL,NVP,Plot L,1997,July,704,267,SR,MR,1996,Dead,NA,1992,SR,1997,SR,No
WL,NVP,Plot L,1997,July,705,268,SR,First.Appearance,NA,Dead,NA,1997,SR,1997,SR,No
WL,NVP,Plot L,2002,June,707.1,269,SR,First.Appearance,NA,SR,2003,2002,SR,2004,SR,Yes
WL,NVP,Plot L,2003,June,707.1,269,SR,SR,2002,SR,2004,2002,SR,2004,SR,Yes
WL,NVP,Plot L,2004,June,707.1,269,SR,SR,2003,Dead,NA,2002,SR,2004,SR,No
WL,NVP,Plot L,2005,July,707.2,270,SR,First.Appearance,NA,SR,2006,2005,SR,2007,SR,Yes
WL,NVP,Plot L,2006,July,707.2,270,SR,SR,2005,SR,2007,2005,SR,2007,SR,Yes
WL,NVP,Plot L,2007,July,707.2,270,SR,SR,2006,Dead,NA,2005,SR,2007,SR,No
WL,NVP,Plot L,2008,June,707.3,271,SR,First.Appearance,NA,SR,2009,2008,SR,2009,SR,Yes
WL,NVP,Plot L,2009,June,707.3,271,SR,SR,2008,NA,NA,2008,SR,2009,SR,NA
WL,NVP,Plot L,1994,July,757,272,Seedling,First.Appearance,NA,SR,1995,1994,Seedling,1995,SR,Yes
WL,NVP,Plot L,1995,May,757,272,SR,Seedling,1994,Dead,NA,1994,Seedling,1995,SR,No
WL,NVP,Plot L,1994,July,758,273,SR,First.Appearance,NA,Dead,NA,1994,SR,1994,SR,No
WL,NVP,Plot L,1994,July,759,274,SR,First.Appearance,NA,MR,1995,1994,SR,1995,MR,Yes
WL,NVP,Plot L,1995,May,759,274,MR,SR,1994,Dead,NA,1994,SR,1995,MR,No
WL,NVP,Plot L,1994,July,760,275,Seedling,First.Appearance,NA,Dead,NA,1994,Seedling,1994,Seedling,No
WL,NVP,Plot L,1994,July,761,276,Seedling,First.Appearance,NA,Dead,NA,1994,Seedling,1994,Seedling,No
WL,NVP,Plot L,1998,July,762.1,277,SR,First.Appearance,NA,SR,1999,1998,SR,2001,SR,Yes
WL,NVP,Plot L,1999,July,762.1,277,SR,SR,1998,SR,2000,1998,SR,2001,SR,Yes
WL,NVP,Plot L,2000,May,762.1,277,SR,SR,1999,SR,2001,1998,SR,2001,SR,Yes
WL,NVP,Plot L,2001,May,762.1,277,SR,SR,2000,Dead,NA,1998,SR,2001,SR,No
WL,NVP,Plot L,2003,June,762.2,278,SR,First.Appearance,NA,SR,2004,2003,SR,2004,SR,Yes
WL,NVP,Plot L,2004,June,762.2,278,SR,SR,2003,Dead,NA,2003,SR,2004,SR,No
WL,NVP,Plot L,2005,July,762.3,279,SR,First.Appearance,NA,SR,2006,2005,SR,2009,SR,Yes
WL,NVP,Plot L,2006,July,762.3,279,SR,SR,2005,SR,2007,2005,SR,2009,SR,Yes
WL,NVP,Plot L,2007,July,762.3,279,SR,SR,2006,SR,2008,2005,SR,2009,SR,Yes
WL,NVP,Plot L,2008,June,762.3,279,SR,SR,2007,SR,2009,2005,SR,2009,SR,Yes
WL,NVP,Plot L,2009,June,762.3,279,SR,SR,2008,NA,NA,2005,SR,2009,SR,NA
WL,NVP,Plot L,1994,July,763,280,SR,First.Appearance,NA,SR,1995,1994,SR,1995,SR,Yes
WL,NVP,Plot L,1995,July,763,280,SR,SR,1994,Dead,NA,1994,SR,1995,SR,No
WL,NVP,Plot L,1994,July,764,281,Seedling,First.Appearance,NA,Dead,NA,1994,Seedling,1994,Seedling,No
WL,NVP,Plot L,2001,May,766,282,SR,First.Appearance,NA,SR,2002,2001,SR,2002,SR,Yes
WL,NVP,Plot L,2002,June,766,282,SR,SR,2001,Dead,NA,2001,SR,2002,SR,No
WL,NVP,Plot L,1994,July,767.1,283,SR,First.Appearance,NA,SF,1995,1994,SR,1995,SF,Yes
WL,NVP,Plot L,1995,July,767.1,283,SF,SR,1994,Dead,NA,1994,SR,1995,SF,No
WL,NVP,Plot L,1998,July,767.2,284,SR,First.Appearance,NA,Dead,NA,1998,SR,1998,SR,No
WL,NVP,Plot L,1992,July,772,285,SR,First.Appearance,NA,SR,1993,1992,SR,1999,SR,Yes
WL,NVP,Plot L,1993,July,772,285,SR,SR,1992,SR,1994,1992,SR,1999,SR,Yes
WL,NVP,Plot L,1994,July,772,285,SR,SR,1993,SR,1995,1992,SR,1999,SR,Yes
WL,NVP,Plot L,1995,July,772,285,SR,SR,1994,inactive,1996,1992,SR,1999,SR,Yes
WL,NVP,Plot L,1996,May,772,285,inactive,SR,1995,SR,1997,1992,SR,1999,SR,Yes
WL,NVP,Plot L,1997,July,772,285,SR,inactive,1996,SR,1998,1992,SR,1999,SR,Yes
WL,NVP,Plot L,1998,July,772,285,SR,SR,1997,SR,1999,1992,SR,1999,SR,Yes
WL,NVP,Plot L,1999,July,772,285,SR,SR,1998,Dead,NA,1992,SR,1999,SR,No
WL,NVP,Plot L,1992,July,773,286,SR,First.Appearance,NA,Dead,NA,1992,SR,1992,SR,No
WL,NVP,Plot L,1992,July,774.1,287,SR,First.Appearance,NA,SR,1993,1992,SR,1995,SR,Yes
WL,NVP,Plot L,1993,July,774.1,287,SR,SR,1992,SR,1994,1992,SR,1995,SR,Yes
WL,NVP,Plot L,1994,May,774.1,287,SR,SR,1993,SR,1995,1992,SR,1995,SR,Yes
WL,NVP,Plot L,1995,July,774.1,287,SR,SR,1994,Dead,NA,1992,SR,1995,SR,No
WL,NVP,Plot L,1997,July,774.2,288,SR,First.Appearance,NA,Dead,NA,1997,SR,1997,SR,No
WL,NVP,Plot L,1997,July,775,289,SR,First.Appearance,NA,Dead,NA,1997,SR,1997,SR,No
WL,NVP,Plot L,1992,July,776.1,290,SR,First.Appearance,NA,SR,1993,1992,SR,1994,SR,Yes
WL,NVP,Plot L,1993,July,776.1,290,SR,SR,1992,SR,1994,1992,SR,1994,SR,Yes
WL,NVP,Plot L,1994,May,776.1,290,SR,SR,1993,Dead,NA,1992,SR,1994,SR,No
WL,NVP,Plot L,1995,May,776.2,291,MR,First.Appearance,NA,Dead,NA,1995,MR,1995,MR,No
WL,NVP,Plot L,1992,July,777,292,SR,First.Appearance,NA,SR,1993,1992,SR,1995,SR,Yes
WL,NVP,Plot L,1993,July,777,292,SR,SR,1992,SR,1994,1992,SR,1995,SR,Yes
WL,NVP,Plot L,1994,July,777,292,SR,SR,1993,SR,1995,1992,SR,1995,SR,Yes
WL,NVP,Plot L,1995,May,777,292,SR,SR,1994,Dead,NA,1992,SR,1995,SR,No
WL,NVP,Plot L,1992,July,778.1,293,SR,First.Appearance,NA,inactive,1993,1992,SR,1994,SR,Yes
WL,NVP,Plot L,1993,May,778.1,293,inactive,SR,1992,SR,1994,1992,SR,1994,SR,Yes
WL,NVP,Plot L,1994,May,778.1,293,SR,inactive,1993,Dead,NA,1992,SR,1994,SR,No
WL,NVP,Plot L,1996,July,778.2,294,SR,First.Appearance,NA,SR,1997,1996,SR,1997,SR,Yes
WL,NVP,Plot L,1997,May,778.2,294,SR,SR,1996,Dead,NA,1996,SR,1997,SR,No
WL,NVP,Plot L,1992,July,779.1,295,SR,First.Appearance,NA,SR,1993,1992,SR,1994,SR,Yes
WL,NVP,Plot L,1993,May,779.1,295,SR,SR,1992,SR,1994,1992,SR,1994,SR,Yes
WL,NVP,Plot L,1994,July,779.1,295,SR,SR,1993,Dead,NA,1992,SR,1994,SR,No
WL,NVP,Plot L,1995,July,779.2,296,SR,First.Appearance,NA,SR,1996,1995,SR,1996,SR,Yes
WL,NVP,Plot L,1996,July,779.2,296,SR,SR,1995,Dead,NA,1995,SR,1996,SR,No
WL,NVP,Plot L,1992,July,780.1,297,SR,First.Appearance,NA,SR,1993,1992,SR,1997,SR,Yes
WL,NVP,Plot L,1993,May,780.1,297,SR,SR,1992,SR,1994,1992,SR,1997,SR,Yes
WL,NVP,Plot L,1994,July,780.1,297,SR,SR,1993,SR,1995,1992,SR,1997,SR,Yes
WL,NVP,Plot L,1995,July,780.1,297,SR,SR,1994,SR,1996,1992,SR,1997,SR,Yes
WL,NVP,Plot L,1996,July,780.1,297,SR,SR,1995,SR,1997,1992,SR,1997,SR,Yes
WL,NVP,Plot L,1997,July,780.1,297,SR,SR,1996,Dead,NA,1992,SR,1997,SR,No
WL,NVP,Plot L,1998,July,780.2,298,SR,First.Appearance,NA,Dead,NA,1998,SR,1998,SR,No
WL,NVP,Plot L,1992,July,781,299,SR,First.Appearance,NA,Dead,NA,1992,SR,1992,SR,No
WL,NVP,Plot L,1995,July,785,300,SR,First.Appearance,NA,Dead,NA,1995,SR,1995,SR,No
WL,NVP,Plot L,2006,July,810,301,SR,First.Appearance,NA,Dead,NA,2006,SR,2006,SR,No
WL,NVP,Plot L,2005,July,823,302,SR,First.Appearance,NA,Dead,NA,2005,SR,2005,SR,No
WL,NVP,Plot L,2003,June,831,303,SR,First.Appearance,NA,Dead,NA,2003,SR,2003,SR,No
WL,NVP,Plot L,2006,July,834,304,SR,First.Appearance,NA,SR,2007,2006,SR,2008,SR,Yes
WL,NVP,Plot L,2007,July,834,304,SR,SR,2006,SR,2008,2006,SR,2008,SR,Yes
WL,NVP,Plot L,2008,June,834,304,SR,SR,2007,Dead,NA,2006,SR,2008,SR,No
WL,NVP,Plot L,2006,July,835,305,SR,First.Appearance,NA,SR,2007,2006,SR,2007,SR,Yes
WL,NVP,Plot L,2007,July,835,305,SR,SR,2006,Dead,NA,2006,SR,2007,SR,No
WL,NVP,Plot L,2005,July,838,306,SR,First.Appearance,NA,SR,2006,2005,SR,2009,SF,Yes
WL,NVP,Plot L,2006,July,838,306,SR,SR,2005,SR,2007,2005,SR,2009,SF,Yes
WL,NVP,Plot L,2007,July,838,306,SR,SR,2006,SR,2008,2005,SR,2009,SF,Yes
WL,NVP,Plot L,2008,June,838,306,SR,SR,2007,SF,2009,2005,SR,2009,SF,Yes
WL,NVP,Plot L,2009,June,838,306,SF,SR,2008,Dead,NA,2005,SR,2009,SF,No
WL,NVP,Plot L,2006,July,839,307,SR,First.Appearance,NA,Dead,NA,2006,SR,2006,SR,No
WL,NVP,Plot L,2002,June,840,308,SR,First.Appearance,NA,Dead,NA,2002,SR,2002,SR,No
WL,NVP,Plot L,2003,June,841,309,SR,First.Appearance,NA,SR,2004,2003,SR,2006,SR,Yes
WL,NVP,Plot L,2004,June,841,309,SR,SR,2003,inactive,2005,2003,SR,2006,SR,Yes
WL,NVP,Plot L,2005,July,841,309,inactive,SR,2004,SR,2006,2003,SR,2006,SR,Yes
WL,NVP,Plot L,2006,July,841,309,SR,inactive,2005,Dead,NA,2003,SR,2006,SR,No
WL,NVP,Plot L,2006,July,842,310,SR,First.Appearance,NA,SR,2007,2006,SR,2009,SF,Yes
WL,NVP,Plot L,2007,July,842,310,SR,SR,2006,SR,2008,2006,SR,2009,SF,Yes
WL,NVP,Plot L,2008,June,842,310,SR,SR,2007,SF,2009,2006,SR,2009,SF,Yes
WL,NVP,Plot L,2009,June,842,310,SF,SR,2008,Dead,NA,2006,SR,2009,SF,No
WL,NVP,Plot L,2003,June,844,311,SR,First.Appearance,NA,SR,2004,2003,SR,2009,SR,Yes
WL,NVP,Plot L,2004,June,844,311,SR,SR,2003,SR,2005,2003,SR,2009,SR,Yes
WL,NVP,Plot L,2005,July,844,311,SR,SR,2004,SR,2006,2003,SR,2009,SR,Yes
WL,NVP,Plot L,2006,July,844,311,SR,SR,2005,SR,2007,2003,SR,2009,SR,Yes
WL,NVP,Plot L,2007,July,844,311,SR,SR,2006,SR,2008,2003,SR,2009,SR,Yes
WL,NVP,Plot L,2008,June,844,311,SR,SR,2007,SR,2009,2003,SR,2009,SR,Yes
WL,NVP,Plot L,2009,June,844,311,SR,SR,2008,NA,NA,2003,SR,2009,SR,NA
WL,NVP,Plot L,2006,July,854,312,SR,First.Appearance,NA,Dead,NA,2006,SR,2006,SR,No
WL,NVP,Plot L,2005,July,881,313,Seedling,First.Appearance,NA,SR,2006,2005,Seedling,2006,SR,Yes
WL,NVP,Plot L,2006,July,881,313,SR,Seedling,2005,Dead,NA,2005,Seedling,2006,SR,No
WL,NVP,Plot L,2005,July,901,314,Seedling,First.Appearance,NA,Dead,NA,2005,Seedling,2005,Seedling,No
WL,NVP,Plot L,2002,May,902,315,SR,First.Appearance,NA,Dead,NA,2002,SR,2002,SR,No
WL,NVP,Plot L,2005,July,903,316,SR,First.Appearance,NA,Dead,NA,2005,SR,2005,SR,No
WL,NVP,Plot L,2002,June,905,317,SR,First.Appearance,NA,SR,2003,2002,SR,2004,SR,Yes
WL,NVP,Plot L,2003,June,905,317,SR,SR,2002,SR,2004,2002,SR,2004,SR,Yes
WL,NVP,Plot L,2004,June,905,317,SR,SR,2003,Dead,NA,2002,SR,2004,SR,No
WL,NVP,Plot L,1998,July,906,318,SR,First.Appearance,NA,Dead,NA,1998,SR,1998,SR,No
WL,NVP,Plot L,2007,July,907,319,SR,First.Appearance,NA,SR,2008,2007,SR,2009,SF,Yes
WL,NVP,Plot L,2008,June,907,319,SR,SR,2007,SF,2009,2007,SR,2009,SF,Yes
WL,NVP,Plot L,2009,June,907,319,SF,SR,2008,Dead,NA,2007,SR,2009,SF,No
WL,NVP,Plot L,2009,June,20907,320,SR,First.Appearance,NA,NA,NA,2009,SR,2009,SR,NA
WL,NVP,Plot L,2003,June,908,321,Seedling,First.Appearance,NA,SR,2004,2003,Seedling,2007,SR,Yes
WL,NVP,Plot L,2004,June,908,321,SR,Seedling,2003,SR,2005,2003,Seedling,2007,SR,Yes
WL,NVP,Plot L,2005,July,908,321,SR,SR,2004,SR,2006,2003,Seedling,2007,SR,Yes
WL,NVP,Plot L,2006,July,908,321,SR,SR,2005,SR,2007,2003,Seedling,2007,SR,Yes
WL,NVP,Plot L,2007,July,908,321,SR,SR,2006,Dead,NA,2003,Seedling,2007,SR,No
WL,NVP,Plot L,2005,July,914,322,SR,First.Appearance,NA,SR,2006,2005,SR,2009,SR,Yes
WL,NVP,Plot L,2006,July,914,322,SR,SR,2005,SR,2007,2005,SR,2009,SR,Yes
WL,NVP,Plot L,2007,July,914,322,SR,SR,2006,SR,2008,2005,SR,2009,SR,Yes
WL,NVP,Plot L,2008,June,914,322,SR,SR,2007,SR,2009,2005,SR,2009,SR,Yes
WL,NVP,Plot L,2009,June,914,322,SR,SR,2008,NA,NA,2005,SR,2009,SR,NA
WL,NVP,Plot L,2005,July,915,323,Seedling,First.Appearance,NA,Dead,NA,2005,Seedling,2005,Seedling,No
WL,NVP,Plot L,2005,July,917,324,SR,First.Appearance,NA,SR,2006,2005,SR,2009,SR,Yes
WL,NVP,Plot L,2006,July,917,324,SR,SR,2005,SR,2007,2005,SR,2009,SR,Yes
WL,NVP,Plot L,2007,July,917,324,SR,SR,2006,SR,2008,2005,SR,2009,SR,Yes
WL,NVP,Plot L,2008,June,917,324,SR,SR,2007,SR,2009,2005,SR,2009,SR,Yes
WL,NVP,Plot L,2009,June,917,324,SR,SR,2008,NA,NA,2005,SR,2009,SR,NA
WL,NVP,Plot L,2005,July,921,325,SR,First.Appearance,NA,Dead,NA,2005,SR,2005,SR,No
WL,NVP,Plot L,2004,June,950,326,Seedling,First.Appearance,NA,SR,2005,2004,Seedling,2008,SR,Yes
WL,NVP,Plot L,2005,July,950,326,SR,Seedling,2004,SR,2006,2004,Seedling,2008,SR,Yes
WL,NVP,Plot L,2006,July,950,326,SR,SR,2005,MR,2007,2004,Seedling,2008,SR,Yes
WL,NVP,Plot L,2007,July,950,326,MR,SR,2006,SR,2008,2004,Seedling,2008,SR,Yes
WL,NVP,Plot L,2008,June,950,326,SR,MR,2007,Dead,NA,2004,Seedling,2008,SR,No
WL,NVP,Plot L,2003,June,957,327,SR,First.Appearance,NA,Dead,NA,2003,SR,2003,SR,No
WL,NVP,Plot L,2002,June,959,328,SR,First.Appearance,NA,SR,2003,2002,SR,2003,SR,Yes
WL,NVP,Plot L,2003,June,959,328,SR,SR,2002,Dead,NA,2002,SR,2003,SR,No
WL,NVP,Plot L,2006,July,970,329,Seedling,First.Appearance,NA,Dead,NA,2006,Seedling,2006,Seedling,No
WL,NVP,Plot L,2006,July,971,330,SR,First.Appearance,NA,Dead,NA,2006,SR,2006,SR,No
WL,NVP,Plot L,2001,May,981,331,SR,First.Appearance,NA,SR,2002,2001,SR,2003,SR,Yes
WL,NVP,Plot L,2002,May,981,331,SR,SR,2001,SR,2003,2001,SR,2003,SR,Yes
WL,NVP,Plot L,2003,June,981,331,SR,SR,2002,Dead,NA,2001,SR,2003,SR,No
WL,NVP,Plot L,2004,June,986,332,SR,First.Appearance,NA,Dead,NA,2004,SR,2004,SR,No
WL,NVP,Plot L,2005,July,988,333,Seedling,First.Appearance,NA,SR,2006,2005,Seedling,2006,SR,Yes
WL,NVP,Plot L,2006,July,988,333,SR,Seedling,2005,Dead,NA,2005,Seedling,2006,SR,No
WL,NVP,Plot L,2006,July,990.1,334,SR,First.Appearance,NA,MF,2007,2006,SR,2007,MF,Yes
WL,NVP,Plot L,2007,July,990.1,334,MF,SR,2006,Dead,NA,2006,SR,2007,MF,No
WL,NVP,Plot L,2008,June,990.2,335,SR,First.Appearance,NA,SR,2009,2008,SR,2009,SR,Yes
WL,NVP,Plot L,2009,June,990.2,335,SR,SR,2008,NA,NA,2008,SR,2009,SR,NA
WL,NVP,Plot L,2003,June,1022,336,SR,First.Appearance,NA,Dead,NA,2003,SR,2003,SR,No
WL,NVP,Plot L,2001,May,1080,337,Seedling,First.Appearance,NA,Dead,NA,2001,Seedling,2001,Seedling,No
WL,NVP,Plot L,2001,May,1081,338,Seedling,First.Appearance,NA,Dead,NA,2001,Seedling,2001,Seedling,No
WL,NVP,Plot L,2001,May,1085,339,Seedling,First.Appearance,NA,Dead,NA,2001,Seedling,2001,Seedling,No
WL,NVP,Plot L,2001,May,1088.0999999999999,340,Seedling,First.Appearance,NA,SR,2002,2001,Seedling,2003,SF,Yes
WL,NVP,Plot L,2002,May,1088.0999999999999,340,SR,Seedling,2001,SF,2003,2001,Seedling,2003,SF,Yes
WL,NVP,Plot L,2003,June,1088.0999999999999,340,SF,SR,2002,Dead,NA,2001,Seedling,2003,SF,No
WL,NVP,Plot L,2004,June,1088.2,341,SR,First.Appearance,NA,Dead,NA,2004,SR,2004,SR,No
WL,NVP,Plot L,2005,July,1088.3,342,MR,First.Appearance,NA,MF,2006,2005,MR,2006,MF,Yes
WL,NVP,Plot L,2006,July,1088.3,342,MF,MR,2005,Dead,NA,2005,MR,2006,MF,No
WL,NVP,Plot L,2003,June,1163,343,SR,First.Appearance,NA,Dead,NA,2003,SR,2003,SR,No
WL,NVP,Plot L,2000,May,1172.0999999999999,344,SR,First.Appearance,NA,SR,2001,2000,SR,2002,SR,Yes
WL,NVP,Plot L,2001,May,1172.0999999999999,344,SR,SR,2000,SR,2002,2000,SR,2002,SR,Yes
WL,NVP,Plot L,2002,June,1172.0999999999999,344,SR,SR,2001,Dead,NA,2000,SR,2002,SR,No
WL,NVP,Plot L,2003,June,1172.2,345,SR,First.Appearance,NA,SR,2004,2003,SR,2004,SR,Yes
WL,NVP,Plot L,2004,June,1172.2,345,SR,SR,2003,Dead,NA,2003,SR,2004,SR,No
WL,NVP,Plot L,2000,May,1176,346,SR,First.Appearance,NA,Dead,NA,2000,SR,2000,SR,No
WL,NVP,Plot L,2000,May,1178,347,SR,First.Appearance,NA,SR,2001,2000,SR,2003,SR,Yes
WL,NVP,Plot L,2001,May,1178,347,SR,SR,2000,SR,2002,2000,SR,2003,SR,Yes
WL,NVP,Plot L,2002,June,1178,347,SR,SR,2001,SR,2003,2000,SR,2003,SR,Yes
WL,NVP,Plot L,2003,June,1178,347,SR,SR,2002,Dead,NA,2000,SR,2003,SR,No
WL,NVP,Plot L,2000,May,1179,348,SR,First.Appearance,NA,Dead,NA,2000,SR,2000,SR,No
WL,NVP,Plot L,2004,June,1184,349,SR,First.Appearance,NA,SR,2005,2004,SR,2005,SR,Yes
WL,NVP,Plot L,2005,July,1184,349,SR,SR,2004,Dead,NA,2004,SR,2005,SR,No
WL,NVP,Plot L,2000,May,1197,350,SR,First.Appearance,NA,Dead,NA,2000,SR,2000,SR,No
WL,NVP,Plot L,2000,May,1199,351,SR,First.Appearance,NA,inactive,2001,2000,SR,2009,SR,Yes
WL,NVP,Plot L,2001,May,1199,351,inactive,SR,2000,SR,2002,2000,SR,2009,SR,Yes
WL,NVP,Plot L,2002,June,1199,351,SR,inactive,2001,SR,2003,2000,SR,2009,SR,Yes
WL,NVP,Plot L,2003,June,1199,351,SR,SR,2002,SR,2004,2000,SR,2009,SR,Yes
WL,NVP,Plot L,2004,June,1199,351,SR,SR,2003,SR,2005,2000,SR,2009,SR,Yes
WL,NVP,Plot L,2005,July,1199,351,SR,SR,2004,SR,2006,2000,SR,2009,SR,Yes
WL,NVP,Plot L,2006,July,1199,351,SR,SR,2005,SR,2007,2000,SR,2009,SR,Yes
WL,NVP,Plot L,2007,July,1199,351,SR,SR,2006,SR,2008,2000,SR,2009,SR,Yes
WL,NVP,Plot L,2008,June,1199,351,SR,SR,2007,SR,2009,2000,SR,2009,SR,Yes
WL,NVP,Plot L,2009,June,1199,351,SR,SR,2008,NA,NA,2000,SR,2009,SR,NA
WL,NVP,Plot L,1995,July,1304,352,SR,First.Appearance,NA,Dead,NA,1995,SR,1995,SR,No
WL,NVP,Plot L,1995,July,1307,353,SR,First.Appearance,NA,SR,1996,1995,SR,1998,SR,Yes
WL,NVP,Plot L,1996,July,1307,353,SR,SR,1995,inactive,1997,1995,SR,1998,SR,Yes
WL,NVP,Plot L,1997,May,1307,353,inactive,SR,1996,SR,1998,1995,SR,1998,SR,Yes
WL,NVP,Plot L,1998,July,1307,353,SR,inactive,1997,Dead,NA,1995,SR,1998,SR,No
WL,NVP,Plot L,1995,May,1308,354,Seedling,First.Appearance,NA,Dead,NA,1995,Seedling,1995,Seedling,No
WL,NVP,Plot L,1995,May,1309,355,Seedling,First.Appearance,NA,SR,1996,1995,Seedling,1996,SR,Yes
WL,NVP,Plot L,1996,May,1309,355,SR,Seedling,1995,Dead,NA,1995,Seedling,1996,SR,No
WL,NVP,Plot L,1999,July,1310,356,SR,First.Appearance,NA,Dead,NA,1999,SR,1999,SR,No
WL,NVP,Plot L,1995,May,1313,357,Seedling,First.Appearance,NA,Dead,NA,1995,Seedling,1995,Seedling,No
WL,NVP,Plot L,1995,May,1318,358,Seedling,First.Appearance,NA,Dead,NA,1995,Seedling,1995,Seedling,No
WL,NVP,Plot L,1995,May,1321,359,Seedling,First.Appearance,NA,Dead,NA,1995,Seedling,1995,Seedling,No
WL,NVP,Plot L,1995,May,1326,360,Seedling,First.Appearance,NA,Dead,NA,1995,Seedling,1995,Seedling,No
WL,NVP,Plot L,1995,July,1328,361,SR,First.Appearance,NA,SR,1996,1995,SR,1999,SR,Yes
WL,NVP,Plot L,1996,July,1328,361,SR,SR,1995,SR,1997,1995,SR,1999,SR,Yes
WL,NVP,Plot L,1997,July,1328,361,SR,SR,1996,inactive,1998,1995,SR,1999,SR,Yes
WL,NVP,Plot L,1998,May,1328,361,inactive,SR,1997,SR,1999,1995,SR,1999,SR,Yes
WL,NVP,Plot L,1999,July,1328,361,SR,inactive,1998,Dead,NA,1995,SR,1999,SR,No
WL,NVP,Plot L,1995,May,1330,362,Seedling,First.Appearance,NA,Dead,NA,1995,Seedling,1995,Seedling,No
WL,NVP,Plot L,1995,May,1331,363,Seedling,First.Appearance,NA,Dead,NA,1995,Seedling,1995,Seedling,No
WL,NVP,Plot L,1997,July,1333,364,SR,First.Appearance,NA,SF,1998,1997,SR,1998,SF,Yes
WL,NVP,Plot L,1998,July,1333,364,SF,SR,1997,Dead,NA,1997,SR,1998,SF,No
WL,NVP,Plot L,1995,May,1335,365,Seedling,First.Appearance,NA,Dead,NA,1995,Seedling,1995,Seedling,No
WL,NVP,Plot L,2001,May,1457,366,Seedling,First.Appearance,NA,Dead,NA,2001,Seedling,2001,Seedling,No
WL,NVP,Plot L,2001,May,1459.1,367,Seedling,First.Appearance,NA,SR,2002,2001,Seedling,2005,SF,Yes
WL,NVP,Plot L,2002,June,1459.1,367,SR,Seedling,2001,SR,2003,2001,Seedling,2005,SF,Yes
WL,NVP,Plot L,2003,June,1459.1,367,SR,SR,2002,SR,2004,2001,Seedling,2005,SF,Yes
WL,NVP,Plot L,2004,June,1459.1,367,SR,SR,2003,SF,2005,2001,Seedling,2005,SF,Yes
WL,NVP,Plot L,2005,July,1459.1,367,SF,SR,2004,Dead,NA,2001,Seedling,2005,SF,No
WL,NVP,Plot L,2006,July,1459.2,368,MR,First.Appearance,NA,MF,2007,2006,MR,2007,MF,Yes
WL,NVP,Plot L,2007,July,1459.2,368,MF,MR,2006,Dead,NA,2006,MR,2007,MF,No
WL,NVP,Plot L,2001,May,1460.1,369,Seedling,First.Appearance,NA,SR,2002,2001,Seedling,2006,SF,Yes
WL,NVP,Plot L,2002,June,1460.1,369,SR,Seedling,2001,SR,2003,2001,Seedling,2006,SF,Yes
WL,NVP,Plot L,2003,June,1460.1,369,SR,SR,2002,SR,2004,2001,Seedling,2006,SF,Yes
WL,NVP,Plot L,2004,June,1460.1,369,SR,SR,2003,SR,2005,2001,Seedling,2006,SF,Yes
WL,NVP,Plot L,2005,July,1460.1,369,SR,SR,2004,SF,2006,2001,Seedling,2006,SF,Yes
WL,NVP,Plot L,2006,July,1460.1,369,SF,SR,2005,Dead,NA,2001,Seedling,2006,SF,No
WL,NVP,Plot L,2007,July,1460.2,370,SR,First.Appearance,NA,SR,2008,2007,SR,2009,SR,Yes
WL,NVP,Plot L,2008,June,1460.2,370,SR,SR,2007,SR,2009,2007,SR,2009,SR,Yes
WL,NVP,Plot L,2009,June,1460.2,370,SR,SR,2008,NA,NA,2007,SR,2009,SR,NA
WL,NVP,Plot L,2001,May,1467.1,371,Seedling,First.Appearance,NA,SR,2002,2001,Seedling,2005,SF,Yes
WL,NVP,Plot L,2002,June,1467.1,371,SR,Seedling,2001,SR,2003,2001,Seedling,2005,SF,Yes
WL,NVP,Plot L,2003,June,1467.1,371,SR,SR,2002,SR,2004,2001,Seedling,2005,SF,Yes
WL,NVP,Plot L,2004,June,1467.1,371,SR,SR,2003,SF,2005,2001,Seedling,2005,SF,Yes
WL,NVP,Plot L,2005,July,1467.1,371,SF,SR,2004,Dead,NA,2001,Seedling,2005,SF,No
WL,NVP,Plot L,2006,July,1467.2,372,SR,First.Appearance,NA,SR,2007,2006,SR,2007,SR,Yes
WL,NVP,Plot L,2007,July,1467.2,372,SR,SR,2006,Dead,NA,2006,SR,2007,SR,No
WL,NVP,Plot L,2001,May,1468,373,Seedling,First.Appearance,NA,Dead,NA,2001,Seedling,2001,Seedling,No
WL,NVP,Plot L,1994,July,1501,374,SR,First.Appearance,NA,SR,1995,1994,SR,1995,SR,Yes
WL,NVP,Plot L,1995,July,1501,374,SR,SR,1994,Dead,NA,1994,SR,1995,SR,No
WL,NVP,Plot L,1994,July,1502,375,SR,First.Appearance,NA,SR,1995,1994,SR,1996,SR,Yes
WL,NVP,Plot L,1995,July,1502,375,SR,SR,1994,SR,1996,1994,SR,1996,SR,Yes
WL,NVP,Plot L,1996,May,1502,375,SR,SR,1995,Dead,NA,1994,SR,1996,SR,No
WL,NVP,Plot L,1998,July,1503,376,SR,First.Appearance,NA,Dead,NA,1998,SR,1998,SR,No
WL,NVP,Plot L,1994,July,1504,377,SR,First.Appearance,NA,SR,1995,1994,SR,2004,SR,Yes
WL,NVP,Plot L,1995,July,1504,377,SR,SR,1994,SR,1996,1994,SR,2004,SR,Yes
WL,NVP,Plot L,1996,May,1504,377,SR,SR,1995,SR,1997,1994,SR,2004,SR,Yes
WL,NVP,Plot L,1997,July,1504,377,SR,SR,1996,SR,1998,1994,SR,2004,SR,Yes
WL,NVP,Plot L,1998,July,1504,377,SR,SR,1997,SR,1999,1994,SR,2004,SR,Yes
WL,NVP,Plot L,1999,July,1504,377,SR,SR,1998,SR,2000,1994,SR,2004,SR,Yes
WL,NVP,Plot L,2000,May,1504,377,SR,SR,1999,inactive,2001,1994,SR,2004,SR,Yes
WL,NVP,Plot L,2001,May,1504,377,inactive,SR,2000,SR,2002,1994,SR,2004,SR,Yes
WL,NVP,Plot L,2002,June,1504,377,SR,inactive,2001,SR,2003,1994,SR,2004,SR,Yes
WL,NVP,Plot L,2003,June,1504,377,SR,SR,2002,SR,2004,1994,SR,2004,SR,Yes
WL,NVP,Plot L,2004,June,1504,377,SR,SR,2003,Dead,NA,1994,SR,2004,SR,No
WL,NVP,Plot L,1994,July,1505,378,SR,First.Appearance,NA,Dead,NA,1994,SR,1994,SR,No
WL,NVP,Plot L,1994,July,1506,379,SR,First.Appearance,NA,inactive,1995,1994,SR,1996,SR,Yes
WL,NVP,Plot L,1995,May,1506,379,inactive,SR,1994,SR,1996,1994,SR,1996,SR,Yes
WL,NVP,Plot L,1996,July,1506,379,SR,inactive,1995,Dead,NA,1994,SR,1996,SR,No
WL,NVP,Plot L,1994,July,1507,380,SR,First.Appearance,NA,inactive,1995,1994,SR,1996,SR,Yes
WL,NVP,Plot L,1995,May,1507,380,inactive,SR,1994,SR,1996,1994,SR,1996,SR,Yes
WL,NVP,Plot L,1996,July,1507,380,SR,inactive,1995,Dead,NA,1994,SR,1996,SR,No
WL,NVP,Plot L,1994,July,1508,381,SR,First.Appearance,NA,Dead,NA,1994,SR,1994,SR,No
WL,NVP,Plot L,1997,July,1509,382,SR,First.Appearance,NA,SR,1998,1997,SR,1998,SR,Yes
WL,NVP,Plot L,1998,May,1509,382,SR,SR,1997,Dead,NA,1997,SR,1998,SR,No
WL,NVP,Plot L,1994,May,1510.1,383,Seedling,First.Appearance,NA,SR,1995,1994,Seedling,1997,SR,Yes
WL,NVP,Plot L,1995,July,1510.1,383,SR,Seedling,1994,SR,1996,1994,Seedling,1997,SR,Yes
WL,NVP,Plot L,1996,May,1510.1,383,SR,SR,1995,SR,1997,1994,Seedling,1997,SR,Yes
WL,NVP,Plot L,1997,July,1510.1,383,SR,SR,1996,Dead,NA,1994,Seedling,1997,SR,No
WL,NVP,Plot L,1999,July,1510.2,384,SR,First.Appearance,NA,SR,2000,1999,SR,2000,SR,Yes
WL,NVP,Plot L,2000,May,1510.2,384,SR,SR,1999,Dead,NA,1999,SR,2000,SR,No
WL,NVP,Plot L,1994,May,1511,385,Seedling,First.Appearance,NA,Dead,NA,1994,Seedling,1994,Seedling,No
WL,NVP,Plot L,1994,July,1512,386,SR,First.Appearance,NA,SR,1995,1994,SR,1998,SR,Yes
WL,NVP,Plot L,1995,May,1512,386,SR,SR,1994,SR,1996,1994,SR,1998,SR,Yes
WL,NVP,Plot L,1996,May,1512,386,SR,SR,1995,SR,1997,1994,SR,1998,SR,Yes
WL,NVP,Plot L,1997,July,1512,386,SR,SR,1996,SR,1998,1994,SR,1998,SR,Yes
WL,NVP,Plot L,1998,May,1512,386,SR,SR,1997,Dead,NA,1994,SR,1998,SR,No
WL,NVP,Plot L,1994,May,1513.1,387,SR,First.Appearance,NA,Dead,NA,1994,SR,1994,SR,No
WL,NVP,Plot L,1995,May,1513.2,388,SR,First.Appearance,NA,Dead,NA,1995,SR,1995,SR,No
WL,NVP,Plot L,1994,July,1514.1,389,SR,First.Appearance,NA,Dead,NA,1994,SR,1994,SR,No
WL,NVP,Plot L,1996,May,1514.2,390,SR,First.Appearance,NA,SR,1997,1996,SR,1997,SR,Yes
WL,NVP,Plot L,1997,July,1514.2,390,SR,SR,1996,Dead,NA,1996,SR,1997,SR,No
WL,NVP,Plot L,1994,May,1515,391,SR,First.Appearance,NA,Dead,NA,1994,SR,1994,SR,No
WL,NVP,Plot L,1994,May,1589,392,SR,First.Appearance,NA,Dead,NA,1994,SR,1994,SR,No
WL,NVP,Plot L,1993,July,1590.1,393,Seedling,First.Appearance,NA,SR,1994,1993,Seedling,2002,SF,Yes
WL,NVP,Plot L,1994,May,1590.1,393,SR,Seedling,1993,SR,1995,1993,Seedling,2002,SF,Yes
WL,NVP,Plot L,1995,July,1590.1,393,SR,SR,1994,SR,1996,1993,Seedling,2002,SF,Yes
WL,NVP,Plot L,1996,July,1590.1,393,SR,SR,1995,SR,1997,1993,Seedling,2002,SF,Yes
WL,NVP,Plot L,1997,July,1590.1,393,SR,SR,1996,SR,1998,1993,Seedling,2002,SF,Yes
WL,NVP,Plot L,1998,July,1590.1,393,SR,SR,1997,SR,1999,1993,Seedling,2002,SF,Yes
WL,NVP,Plot L,1999,July,1590.1,393,SR,SR,1998,SR,2000,1993,Seedling,2002,SF,Yes
WL,NVP,Plot L,2000,May,1590.1,393,SR,SR,1999,SR,2001,1993,Seedling,2002,SF,Yes
WL,NVP,Plot L,2001,May,1590.1,393,SR,SR,2000,SF,2002,1993,Seedling,2002,SF,Yes
WL,NVP,Plot L,2002,May,1590.1,393,SF,SR,2001,Dead,NA,1993,Seedling,2002,SF,No
WL,NVP,Plot L,2003,June,1590.2,394,SR,First.Appearance,NA,SR,2004,2003,SR,2005,SF,Yes
WL,NVP,Plot L,2004,June,1590.2,394,SR,SR,2003,SF,2005,2003,SR,2005,SF,Yes
WL,NVP,Plot L,2005,July,1590.2,394,SF,SR,2004,Dead,NA,2003,SR,2005,SF,No
WL,NVP,Plot L,1994,July,1591,395,SR,First.Appearance,NA,Dead,NA,1994,SR,1994,SR,No
WL,NVP,Plot L,1994,July,1592.1,396,SF,First.Appearance,NA,Dead,NA,1994,SF,1994,SF,No
WL,NVP,Plot L,1996,July,1592.2,397,SR,First.Appearance,NA,Dead,NA,1996,SR,1996,SR,No
WL,NVP,Plot L,2005,July,1593,398,SR,First.Appearance,NA,SR,2006,2005,SR,2006,SR,Yes
WL,NVP,Plot L,2006,July,1593,398,SR,SR,2005,Dead,NA,2005,SR,2006,SR,No
WL,NVP,Plot L,2005,July,1613,399,Seedling,First.Appearance,NA,Dead,NA,2005,Seedling,2005,Seedling,No
WL,NVP,Plot L,2006,July,1633,400,SR,First.Appearance,NA,Dead,NA,2006,SR,2006,SR,No
WL,NVP,Plot L,2006,July,1688.1,401,SR,First.Appearance,NA,Dead,NA,2006,SR,2006,SR,No
WL,NVP,Plot L,2008,June,1688.2,402,SR,First.Appearance,NA,Dead,NA,2008,SR,2008,SR,No
WL,NVP,Plot L,2007,July,7001,403,SR,First.Appearance,NA,not.tagged,2008,2007,SR,2009,not.tagged,NA
WL,NVP,Plot L,2008,June,7001,403,not.tagged,SR,2007,not.tagged,2009,2007,SR,2009,not.tagged,NA
WL,NVP,Plot L,2009,June,7001,403,not.tagged,not.tagged,2008,Dead,NA,2007,SR,2009,not.tagged,NA
WL,NVP,Plot L,2007,July,7002,404,SR,First.Appearance,NA,not.tagged,2008,2007,SR,2009,not.tagged,NA
WL,NVP,Plot L,2008,June,7002,404,not.tagged,SR,2007,not.tagged,2009,2007,SR,2009,not.tagged,NA
WL,NVP,Plot L,2009,June,7002,404,not.tagged,not.tagged,2008,Dead,NA,2007,SR,2009,not.tagged,NA
WL,NVP,Plot L,2007,July,7003,405,SR,First.Appearance,NA,not.tagged,2008,2007,SR,2009,not.tagged,NA
WL,NVP,Plot L,2008,June,7003,405,not.tagged,SR,2007,not.tagged,2009,2007,SR,2009,not.tagged,NA
WL,NVP,Plot L,2009,June,7003,405,not.tagged,not.tagged,2008,Dead,NA,2007,SR,2009,not.tagged,NA
WL,NVP,Plot L,2007,July,7004,406,SR,First.Appearance,NA,not.tagged,2008,2007,SR,2009,not.tagged,NA
WL,NVP,Plot L,2008,June,7004,406,not.tagged,SR,2007,not.tagged,2009,2007,SR,2009,not.tagged,NA
WL,NVP,Plot L,2009,June,7004,406,not.tagged,not.tagged,2008,Dead,NA,2007,SR,2009,not.tagged,NA
WL,NVP,Plot L,2007,July,7005,407,Seedling,First.Appearance,NA,not.tagged,2008,2007,Seedling,2009,not.tagged,NA
WL,NVP,Plot L,2008,June,7005,407,not.tagged,Seedling,2007,not.tagged,2009,2007,Seedling,2009,not.tagged,NA
WL,NVP,Plot L,2009,June,7005,407,not.tagged,not.tagged,2008,Dead,NA,2007,Seedling,2009,not.tagged,NA
WL,NVP,Plot L,2007,July,7006,408,Seedling,First.Appearance,NA,not.tagged,2008,2007,Seedling,2009,not.tagged,NA
WL,NVP,Plot L,2008,June,7006,408,not.tagged,Seedling,2007,not.tagged,2009,2007,Seedling,2009,not.tagged,NA
WL,NVP,Plot L,2009,June,7006,408,not.tagged,not.tagged,2008,Dead,NA,2007,Seedling,2009,not.tagged,NA
WL,NVP,Plot L,2007,July,7007,409,SR,First.Appearance,NA,not.tagged,2008,2007,SR,2009,not.tagged,NA
WL,NVP,Plot L,2008,June,7007,409,not.tagged,SR,2007,not.tagged,2009,2007,SR,2009,not.tagged,NA
WL,NVP,Plot L,2009,June,7007,409,not.tagged,not.tagged,2008,Dead,NA,2007,SR,2009,not.tagged,NA
WL,NVP,Plot L,2007,July,7008,410,SR,First.Appearance,NA,not.tagged,2008,2007,SR,2009,not.tagged,NA
WL,NVP,Plot L,2008,June,7008,410,not.tagged,SR,2007,not.tagged,2009,2007,SR,2009,not.tagged,NA
WL,NVP,Plot L,2009,June,7008,410,not.tagged,not.tagged,2008,Dead,NA,2007,SR,2009,not.tagged,NA
WL,NVP,Plot L,2007,July,7009,411,Seedling,First.Appearance,NA,not.tagged,2008,2007,Seedling,2009,not.tagged,NA
WL,NVP,Plot L,2008,June,7009,411,not.tagged,Seedling,2007,not.tagged,2009,2007,Seedling,2009,not.tagged,NA
WL,NVP,Plot L,2009,June,7009,411,not.tagged,not.tagged,2008,Dead,NA,2007,Seedling,2009,not.tagged,NA
WL,NVP,Plot L,2007,July,7010,412,SR,First.Appearance,NA,not.tagged,2008,2007,SR,2009,not.tagged,NA
WL,NVP,Plot L,2008,June,7010,412,not.tagged,SR,2007,not.tagged,2009,2007,SR,2009,not.tagged,NA
WL,NVP,Plot L,2009,June,7010,412,not.tagged,not.tagged,2008,Dead,NA,2007,SR,2009,not.tagged,NA
WL,NVP,Plot L,2007,July,7011,413,SR,First.Appearance,NA,not.tagged,2008,2007,SR,2009,not.tagged,NA
WL,NVP,Plot L,2008,June,7011,413,not.tagged,SR,2007,not.tagged,2009,2007,SR,2009,not.tagged,NA
WL,NVP,Plot L,2009,June,7011,413,not.tagged,not.tagged,2008,Dead,NA,2007,SR,2009,not.tagged,NA
WL,NVP,Plot L,2007,July,7012,414,SR,First.Appearance,NA,not.tagged,2008,2007,SR,2009,not.tagged,NA
WL,NVP,Plot L,2008,June,7012,414,not.tagged,SR,2007,not.tagged,2009,2007,SR,2009,not.tagged,NA
WL,NVP,Plot L,2009,June,7012,414,not.tagged,not.tagged,2008,Dead,NA,2007,SR,2009,not.tagged,NA
WL,NVP,Plot L,2007,July,7013,415,SR,First.Appearance,NA,not.tagged,2008,2007,SR,2009,not.tagged,NA
WL,NVP,Plot L,2008,June,7013,415,not.tagged,SR,2007,not.tagged,2009,2007,SR,2009,not.tagged,NA
WL,NVP,Plot L,2009,June,7013,415,not.tagged,not.tagged,2008,Dead,NA,2007,SR,2009,not.tagged,NA
WL,NVP,Plot L,2007,July,7014,416,Seedling,First.Appearance,NA,not.tagged,2008,2007,Seedling,2009,not.tagged,NA
WL,NVP,Plot L,2008,June,7014,416,not.tagged,Seedling,2007,not.tagged,2009,2007,Seedling,2009,not.tagged,NA
WL,NVP,Plot L,2009,June,7014,416,not.tagged,not.tagged,2008,Dead,NA,2007,Seedling,2009,not.tagged,NA
WL,NVP,Plot L,2007,July,7015,417,SR,First.Appearance,NA,not.tagged,2008,2007,SR,2009,not.tagged,NA
WL,NVP,Plot L,2008,June,7015,417,not.tagged,SR,2007,not.tagged,2009,2007,SR,2009,not.tagged,NA
WL,NVP,Plot L,2009,June,7015,417,not.tagged,not.tagged,2008,Dead,NA,2007,SR,2009,not.tagged,NA
WL,NVP,Plot L,2007,July,7016,418,Seedling,First.Appearance,NA,not.tagged,2008,2007,Seedling,2009,not.tagged,NA
WL,NVP,Plot L,2008,June,7016,418,not.tagged,Seedling,2007,not.tagged,2009,2007,Seedling,2009,not.tagged,NA
WL,NVP,Plot L,2009,June,7016,418,not.tagged,not.tagged,2008,Dead,NA,2007,Seedling,2009,not.tagged,NA
WL,NVP,Plot L,2007,July,7017,419,SR,First.Appearance,NA,not.tagged,2008,2007,SR,2009,not.tagged,NA
WL,NVP,Plot L,2008,June,7017,419,not.tagged,SR,2007,not.tagged,2009,2007,SR,2009,not.tagged,NA
WL,NVP,Plot L,2009,June,7017,419,not.tagged,not.tagged,2008,Dead,NA,2007,SR,2009,not.tagged,NA
WL,NVP,Plot L,2007,July,7018,420,SR,First.Appearance,NA,not.tagged,2008,2007,SR,2009,not.tagged,NA
WL,NVP,Plot L,2008,June,7018,420,not.tagged,SR,2007,not.tagged,2009,2007,SR,2009,not.tagged,NA
WL,NVP,Plot L,2009,June,7018,420,not.tagged,not.tagged,2008,Dead,NA,2007,SR,2009,not.tagged,NA
WL,NVP,Plot L,2007,July,7019,421,Seedling,First.Appearance,NA,not.tagged,2008,2007,Seedling,2009,not.tagged,NA
WL,NVP,Plot L,2008,June,7019,421,not.tagged,Seedling,2007,not.tagged,2009,2007,Seedling,2009,not.tagged,NA
WL,NVP,Plot L,2009,June,7019,421,not.tagged,not.tagged,2008,Dead,NA,2007,Seedling,2009,not.tagged,NA
WL,NVP,Plot L,2007,July,7020,422,SR,First.Appearance,NA,not.tagged,2008,2007,SR,2009,not.tagged,NA
WL,NVP,Plot L,2008,June,7020,422,not.tagged,SR,2007,not.tagged,2009,2007,SR,2009,not.tagged,NA
WL,NVP,Plot L,2009,June,7020,422,not.tagged,not.tagged,2008,Dead,NA,2007,SR,2009,not.tagged,NA
WL,NVP,Plot L,2007,July,7021,423,Seedling,First.Appearance,NA,not.tagged,2008,2007,Seedling,2009,not.tagged,NA
WL,NVP,Plot L,2008,June,7021,423,not.tagged,Seedling,2007,not.tagged,2009,2007,Seedling,2009,not.tagged,NA
WL,NVP,Plot L,2009,June,7021,423,not.tagged,not.tagged,2008,Dead,NA,2007,Seedling,2009,not.tagged,NA
WL,NVP,Plot L,2007,July,7022,424,SR,First.Appearance,NA,not.tagged,2008,2007,SR,2009,not.tagged,NA
WL,NVP,Plot L,2008,June,7022,424,not.tagged,SR,2007,not.tagged,2009,2007,SR,2009,not.tagged,NA
WL,NVP,Plot L,2009,June,7022,424,not.tagged,not.tagged,2008,Dead,NA,2007,SR,2009,not.tagged,NA
WL,NVP,Plot L,2007,July,7023,425,Seedling,First.Appearance,NA,not.tagged,2008,2007,Seedling,2009,not.tagged,NA
WL,NVP,Plot L,2008,June,7023,425,not.tagged,Seedling,2007,not.tagged,2009,2007,Seedling,2009,not.tagged,NA
WL,NVP,Plot L,2009,June,7023,425,not.tagged,not.tagged,2008,Dead,NA,2007,Seedling,2009,not.tagged,NA
WL,NVP,Plot L,2007,July,7024,426,SR,First.Appearance,NA,not.tagged,2008,2007,SR,2009,not.tagged,NA
WL,NVP,Plot L,2008,June,7024,426,not.tagged,SR,2007,not.tagged,2009,2007,SR,2009,not.tagged,NA
WL,NVP,Plot L,2009,June,7024,426,not.tagged,not.tagged,2008,Dead,NA,2007,SR,2009,not.tagged,NA
WL,NVP,Plot L,2007,July,7025,427,SR,First.Appearance,NA,not.tagged,2008,2007,SR,2009,not.tagged,NA
WL,NVP,Plot L,2008,June,7025,427,not.tagged,SR,2007,not.tagged,2009,2007,SR,2009,not.tagged,NA
WL,NVP,Plot L,2009,June,7025,427,not.tagged,not.tagged,2008,Dead,NA,2007,SR,2009,not.tagged,NA
WL,NVP,Plot L,2007,July,7026,428,SR,First.Appearance,NA,not.tagged,2008,2007,SR,2009,not.tagged,NA
WL,NVP,Plot L,2008,June,7026,428,not.tagged,SR,2007,not.tagged,2009,2007,SR,2009,not.tagged,NA
WL,NVP,Plot L,2009,June,7026,428,not.tagged,not.tagged,2008,Dead,NA,2007,SR,2009,not.tagged,NA
WL,NVP,Plot L,2007,July,7027,429,SR,First.Appearance,NA,not.tagged,2008,2007,SR,2009,not.tagged,NA
WL,NVP,Plot L,2008,June,7027,429,not.tagged,SR,2007,not.tagged,2009,2007,SR,2009,not.tagged,NA
WL,NVP,Plot L,2009,June,7027,429,not.tagged,not.tagged,2008,Dead,NA,2007,SR,2009,not.tagged,NA
WL,NVP,Plot L,2007,July,7028,430,SR,First.Appearance,NA,not.tagged,2008,2007,SR,2009,not.tagged,NA
WL,NVP,Plot L,2008,June,7028,430,not.tagged,SR,2007,not.tagged,2009,2007,SR,2009,not.tagged,NA
WL,NVP,Plot L,2009,June,7028,430,not.tagged,not.tagged,2008,Dead,NA,2007,SR,2009,not.tagged,NA
WL,NVP,Plot L,2007,July,7029,431,SR,First.Appearance,NA,not.tagged,2008,2007,SR,2009,not.tagged,NA
WL,NVP,Plot L,2008,June,7029,431,not.tagged,SR,2007,not.tagged,2009,2007,SR,2009,not.tagged,NA
WL,NVP,Plot L,2009,June,7029,431,not.tagged,not.tagged,2008,Dead,NA,2007,SR,2009,not.tagged,NA
WL,NVP,Plot L,2007,July,7030,432,SR,First.Appearance,NA,not.tagged,2008,2007,SR,2009,not.tagged,NA
WL,NVP,Plot L,2008,June,7030,432,not.tagged,SR,2007,not.tagged,2009,2007,SR,2009,not.tagged,NA
WL,NVP,Plot L,2009,June,7030,432,not.tagged,not.tagged,2008,Dead,NA,2007,SR,2009,not.tagged,NA
WL,NVP,Plot L,2007,July,7031,433,SR,First.Appearance,NA,not.tagged,2008,2007,SR,2009,not.tagged,NA
WL,NVP,Plot L,2008,June,7031,433,not.tagged,SR,2007,not.tagged,2009,2007,SR,2009,not.tagged,NA
WL,NVP,Plot L,2009,June,7031,433,not.tagged,not.tagged,2008,Dead,NA,2007,SR,2009,not.tagged,NA
WL,NVP,Plot L,2007,July,7032,434,SR,First.Appearance,NA,not.tagged,2008,2007,SR,2009,not.tagged,NA
WL,NVP,Plot L,2008,June,7032,434,not.tagged,SR,2007,not.tagged,2009,2007,SR,2009,not.tagged,NA
WL,NVP,Plot L,2009,June,7032,434,not.tagged,not.tagged,2008,Dead,NA,2007,SR,2009,not.tagged,NA
WL,NVP,Plot L,2007,July,7033,435,SR,First.Appearance,NA,not.tagged,2008,2007,SR,2009,not.tagged,NA
WL,NVP,Plot L,2008,June,7033,435,not.tagged,SR,2007,not.tagged,2009,2007,SR,2009,not.tagged,NA
WL,NVP,Plot L,2009,June,7033,435,not.tagged,not.tagged,2008,Dead,NA,2007,SR,2009,not.tagged,NA
WL,NVP,Plot L,2007,July,7034,436,SR,First.Appearance,NA,not.tagged,2008,2007,SR,2009,not.tagged,NA
WL,NVP,Plot L,2008,June,7034,436,not.tagged,SR,2007,not.tagged,2009,2007,SR,2009,not.tagged,NA
WL,NVP,Plot L,2009,June,7034,436,not.tagged,not.tagged,2008,Dead,NA,2007,SR,2009,not.tagged,NA
WL,NVP,Plot L,2007,July,7035,437,SR,First.Appearance,NA,not.tagged,2008,2007,SR,2009,not.tagged,NA
WL,NVP,Plot L,2008,June,7035,437,not.tagged,SR,2007,not.tagged,2009,2007,SR,2009,not.tagged,NA
WL,NVP,Plot L,2009,June,7035,437,not.tagged,not.tagged,2008,Dead,NA,2007,SR,2009,not.tagged,NA
WL,NVP,Plot L,2007,July,7036,438,Seedling,First.Appearance,NA,not.tagged,2008,2007,Seedling,2009,not.tagged,NA
WL,NVP,Plot L,2008,June,7036,438,not.tagged,Seedling,2007,not.tagged,2009,2007,Seedling,2009,not.tagged,NA
WL,NVP,Plot L,2009,June,7036,438,not.tagged,not.tagged,2008,Dead,NA,2007,Seedling,2009,not.tagged,NA
WL,NVP,Plot L,2007,July,7037,439,SR,First.Appearance,NA,not.tagged,2008,2007,SR,2009,not.tagged,NA
WL,NVP,Plot L,2008,June,7037,439,not.tagged,SR,2007,not.tagged,2009,2007,SR,2009,not.tagged,NA
WL,NVP,Plot L,2009,June,7037,439,not.tagged,not.tagged,2008,Dead,NA,2007,SR,2009,not.tagged,NA
WL,NVP,Plot L,2008,June,8001,440,SR,First.Appearance,NA,not.tagged,2009,2008,SR,2009,not.tagged,NA
WL,NVP,Plot L,2009,June,8001,440,not.tagged,SR,2008,Dead,NA,2008,SR,2009,not.tagged,NA
WL,NVP,Plot L,2008,June,8002,441,SR,First.Appearance,NA,not.tagged,2009,2008,SR,2009,not.tagged,NA
WL,NVP,Plot L,2009,June,8002,441,not.tagged,SR,2008,Dead,NA,2008,SR,2009,not.tagged,NA
WL,NVP,Plot L,2008,June,8003,442,SR,First.Appearance,NA,not.tagged,2009,2008,SR,2009,not.tagged,NA
WL,NVP,Plot L,2009,June,8003,442,not.tagged,SR,2008,Dead,NA,2008,SR,2009,not.tagged,NA
WL,NVP,Plot L,2008,June,8004,443,SR,First.Appearance,NA,not.tagged,2009,2008,SR,2009,not.tagged,NA
WL,NVP,Plot L,2009,June,8004,443,not.tagged,SR,2008,Dead,NA,2008,SR,2009,not.tagged,NA
WL,NVP,Plot L,2008,June,8005,444,SR,First.Appearance,NA,not.tagged,2009,2008,SR,2009,not.tagged,NA
WL,NVP,Plot L,2009,June,8005,444,not.tagged,SR,2008,Dead,NA,2008,SR,2009,not.tagged,NA
WL,NVP,Plot L,2008,June,8006,445,SR,First.Appearance,NA,not.tagged,2009,2008,SR,2009,not.tagged,NA
WL,NVP,Plot L,2009,June,8006,445,not.tagged,SR,2008,Dead,NA,2008,SR,2009,not.tagged,NA
WL,NVP,Plot L,2008,June,8007,446,SR,First.Appearance,NA,not.tagged,2009,2008,SR,2009,not.tagged,NA
WL,NVP,Plot L,2009,June,8007,446,not.tagged,SR,2008,Dead,NA,2008,SR,2009,not.tagged,NA
WL,NVP,Plot L,2008,June,8008,447,SR,First.Appearance,NA,not.tagged,2009,2008,SR,2009,not.tagged,NA
WL,NVP,Plot L,2009,June,8008,447,not.tagged,SR,2008,Dead,NA,2008,SR,2009,not.tagged,NA
WL,NVP,Plot L,2008,June,8009,448,SR,First.Appearance,NA,not.tagged,2009,2008,SR,2009,not.tagged,NA
WL,NVP,Plot L,2009,June,8009,448,not.tagged,SR,2008,Dead,NA,2008,SR,2009,not.tagged,NA
WL,NVP,Plot L,2008,June,8010,449,SR,First.Appearance,NA,not.tagged,2009,2008,SR,2009,not.tagged,NA
WL,NVP,Plot L,2009,June,8010,449,not.tagged,SR,2008,Dead,NA,2008,SR,2009,not.tagged,NA
WL,NVP,Plot L,2008,June,8011,450,SR,First.Appearance,NA,not.tagged,2009,2008,SR,2009,not.tagged,NA
WL,NVP,Plot L,2009,June,8011,450,not.tagged,SR,2008,Dead,NA,2008,SR,2009,not.tagged,NA
WL,NVP,Plot L,2008,June,8012,451,SR,First.Appearance,NA,not.tagged,2009,2008,SR,2009,not.tagged,NA
WL,NVP,Plot L,2009,June,8012,451,not.tagged,SR,2008,Dead,NA,2008,SR,2009,not.tagged,NA
WL,NVP,Plot L,2008,June,8013,452,SR,First.Appearance,NA,not.tagged,2009,2008,SR,2009,not.tagged,NA
WL,NVP,Plot L,2009,June,8013,452,not.tagged,SR,2008,Dead,NA,2008,SR,2009,not.tagged,NA
WL,NVP,Plot L,2008,June,8014,453,SR,First.Appearance,NA,not.tagged,2009,2008,SR,2009,not.tagged,NA
WL,NVP,Plot L,2009,June,8014,453,not.tagged,SR,2008,Dead,NA,2008,SR,2009,not.tagged,NA
WL,NVP,Plot L,2008,June,8015,454,SR,First.Appearance,NA,not.tagged,2009,2008,SR,2009,not.tagged,NA
WL,NVP,Plot L,2009,June,8015,454,not.tagged,SR,2008,Dead,NA,2008,SR,2009,not.tagged,NA
WL,NVP,Plot L,2008,June,8016,455,SR,First.Appearance,NA,not.tagged,2009,2008,SR,2009,not.tagged,NA
WL,NVP,Plot L,2009,June,8016,455,not.tagged,SR,2008,Dead,NA,2008,SR,2009,not.tagged,NA
WL,NVP,Plot L,2008,June,8017,456,SR,First.Appearance,NA,not.tagged,2009,2008,SR,2009,not.tagged,NA
WL,NVP,Plot L,2009,June,8017,456,not.tagged,SR,2008,Dead,NA,2008,SR,2009,not.tagged,NA
WL,NVP,Plot L,2008,June,8018,457,SR,First.Appearance,NA,not.tagged,2009,2008,SR,2009,not.tagged,NA
WL,NVP,Plot L,2009,June,8018,457,not.tagged,SR,2008,Dead,NA,2008,SR,2009,not.tagged,NA
WL,NVP,Plot L,2008,June,8019,458,SR,First.Appearance,NA,not.tagged,2009,2008,SR,2009,not.tagged,NA
WL,NVP,Plot L,2009,June,8019,458,not.tagged,SR,2008,Dead,NA,2008,SR,2009,not.tagged,NA
WL,NVP,Plot L,2008,June,8020,459,SR,First.Appearance,NA,not.tagged,2009,2008,SR,2009,not.tagged,NA
WL,NVP,Plot L,2009,June,8020,459,not.tagged,SR,2008,Dead,NA,2008,SR,2009,not.tagged,NA
WL,NVP,Plot L,2008,June,8021,460,SR,First.Appearance,NA,not.tagged,2009,2008,SR,2009,not.tagged,NA
WL,NVP,Plot L,2009,June,8021,460,not.tagged,SR,2008,Dead,NA,2008,SR,2009,not.tagged,NA
WL,NVP,Plot L,2008,June,8022,461,Seedling,First.Appearance,NA,not.tagged,2009,2008,Seedling,2009,not.tagged,NA
WL,NVP,Plot L,2009,June,8022,461,not.tagged,Seedling,2008,Dead,NA,2008,Seedling,2009,not.tagged,NA
WL,NVP,Plot L,2008,June,8023,462,Seedling,First.Appearance,NA,not.tagged,2009,2008,Seedling,2009,not.tagged,NA
WL,NVP,Plot L,2009,June,8023,462,not.tagged,Seedling,2008,Dead,NA,2008,Seedling,2009,not.tagged,NA
WL,NVP,Plot L,2008,June,8024,463,SR,First.Appearance,NA,not.tagged,2009,2008,SR,2009,not.tagged,NA
WL,NVP,Plot L,2009,June,8024,463,not.tagged,SR,2008,Dead,NA,2008,SR,2009,not.tagged,NA
WL,NVP,Plot L,2008,June,8025,464,SR,First.Appearance,NA,not.tagged,2009,2008,SR,2009,not.tagged,NA
WL,NVP,Plot L,2009,June,8025,464,not.tagged,SR,2008,Dead,NA,2008,SR,2009,not.tagged,NA
WL,NVP,Plot L,2008,June,8026,465,SR,First.Appearance,NA,not.tagged,2009,2008,SR,2009,not.tagged,NA
WL,NVP,Plot L,2009,June,8026,465,not.tagged,SR,2008,Dead,NA,2008,SR,2009,not.tagged,NA
WL,NVP,Plot L,2008,June,8027,466,SR,First.Appearance,NA,not.tagged,2009,2008,SR,2009,not.tagged,NA
WL,NVP,Plot L,2009,June,8027,466,not.tagged,SR,2008,Dead,NA,2008,SR,2009,not.tagged,NA
WL,NVP,Plot L,2008,June,8028,467,SR,First.Appearance,NA,not.tagged,2009,2008,SR,2009,not.tagged,NA
WL,NVP,Plot L,2009,June,8028,467,not.tagged,SR,2008,Dead,NA,2008,SR,2009,not.tagged,NA
WL,NVP,Plot L,2008,June,8029,468,Seedling,First.Appearance,NA,not.tagged,2009,2008,Seedling,2009,not.tagged,NA
WL,NVP,Plot L,2009,June,8029,468,not.tagged,Seedling,2008,Dead,NA,2008,Seedling,2009,not.tagged,NA
WL,NVP,Plot L,2008,June,8030,469,Seedling,First.Appearance,NA,not.tagged,2009,2008,Seedling,2009,not.tagged,NA
WL,NVP,Plot L,2009,June,8030,469,not.tagged,Seedling,2008,Dead,NA,2008,Seedling,2009,not.tagged,NA
WL,NVP,Plot L,2008,June,8031,470,SR,First.Appearance,NA,not.tagged,2009,2008,SR,2009,not.tagged,NA
WL,NVP,Plot L,2009,June,8031,470,not.tagged,SR,2008,Dead,NA,2008,SR,2009,not.tagged,NA
WL,NVP,Plot L,2008,June,8032,471,SR,First.Appearance,NA,not.tagged,2009,2008,SR,2009,not.tagged,NA
WL,NVP,Plot L,2009,June,8032,471,not.tagged,SR,2008,Dead,NA,2008,SR,2009,not.tagged,NA
WL,NVP,Plot L,2008,June,8033,472,SR,First.Appearance,NA,not.tagged,2009,2008,SR,2009,not.tagged,NA
WL,NVP,Plot L,2009,June,8033,472,not.tagged,SR,2008,Dead,NA,2008,SR,2009,not.tagged,NA
WL,NVP,Plot L,2008,June,8034,473,SR,First.Appearance,NA,not.tagged,2009,2008,SR,2009,not.tagged,NA
WL,NVP,Plot L,2009,June,8034,473,not.tagged,SR,2008,Dead,NA,2008,SR,2009,not.tagged,NA
WL,NVP,Plot L,2008,June,8035,474,SR,First.Appearance,NA,not.tagged,2009,2008,SR,2009,not.tagged,NA
WL,NVP,Plot L,2009,June,8035,474,not.tagged,SR,2008,Dead,NA,2008,SR,2009,not.tagged,NA
WL,NVP,Plot L,2008,June,8036,475,SR,First.Appearance,NA,not.tagged,2009,2008,SR,2009,not.tagged,NA
WL,NVP,Plot L,2009,June,8036,475,not.tagged,SR,2008,Dead,NA,2008,SR,2009,not.tagged,NA
WL,NVP,Plot L,2008,June,8037,476,SR,First.Appearance,NA,not.tagged,2009,2008,SR,2009,not.tagged,NA
WL,NVP,Plot L,2009,June,8037,476,not.tagged,SR,2008,Dead,NA,2008,SR,2009,not.tagged,NA
WL,NVP,Plot L,2008,June,8038,477,SR,First.Appearance,NA,not.tagged,2009,2008,SR,2009,not.tagged,NA
WL,NVP,Plot L,2009,June,8038,477,not.tagged,SR,2008,Dead,NA,2008,SR,2009,not.tagged,NA
WL,NVP,Plot L,2008,June,8039,478,SR,First.Appearance,NA,not.tagged,2009,2008,SR,2009,not.tagged,NA
WL,NVP,Plot L,2009,June,8039,478,not.tagged,SR,2008,Dead,NA,2008,SR,2009,not.tagged,NA
WL,NVP,Plot L,2008,June,8040,479,SR,First.Appearance,NA,not.tagged,2009,2008,SR,2009,not.tagged,NA
WL,NVP,Plot L,2009,June,8040,479,not.tagged,SR,2008,Dead,NA,2008,SR,2009,not.tagged,NA
WL,NVP,Plot L,2008,June,8041,480,SR,First.Appearance,NA,not.tagged,2009,2008,SR,2009,not.tagged,NA
WL,NVP,Plot L,2009,June,8041,480,not.tagged,SR,2008,Dead,NA,2008,SR,2009,not.tagged,NA
WL,NVP,Plot L,2008,June,8042,481,SR,First.Appearance,NA,not.tagged,2009,2008,SR,2009,not.tagged,NA
WL,NVP,Plot L,2009,June,8042,481,not.tagged,SR,2008,Dead,NA,2008,SR,2009,not.tagged,NA
WL,NVP,Plot L,2008,June,8043,482,SR,First.Appearance,NA,not.tagged,2009,2008,SR,2009,not.tagged,NA
WL,NVP,Plot L,2009,June,8043,482,not.tagged,SR,2008,Dead,NA,2008,SR,2009,not.tagged,NA
WL,NVP,Plot L,2008,June,8044,483,SR,First.Appearance,NA,not.tagged,2009,2008,SR,2009,not.tagged,NA
WL,NVP,Plot L,2009,June,8044,483,not.tagged,SR,2008,Dead,NA,2008,SR,2009,not.tagged,NA
WL,NVP,Plot L,2008,June,8045,484,SR,First.Appearance,NA,not.tagged,2009,2008,SR,2009,not.tagged,NA
WL,NVP,Plot L,2009,June,8045,484,not.tagged,SR,2008,Dead,NA,2008,SR,2009,not.tagged,NA
WL,NVP,Plot L,2008,June,8046,485,SR,First.Appearance,NA,not.tagged,2009,2008,SR,2009,not.tagged,NA
WL,NVP,Plot L,2009,June,8046,485,not.tagged,SR,2008,Dead,NA,2008,SR,2009,not.tagged,NA
WL,NVP,Plot L,2008,June,8048,487,SR,First.Appearance,NA,not.tagged,2009,2008,SR,2009,not.tagged,NA
WL,NVP,Plot L,2009,June,8048,487,not.tagged,SR,2008,Dead,NA,2008,SR,2009,not.tagged,NA
WL,NVP,Plot L,2008,June,8049,488,SR,First.Appearance,NA,not.tagged,2009,2008,SR,2009,not.tagged,NA
WL,NVP,Plot L,2009,June,8049,488,not.tagged,SR,2008,Dead,NA,2008,SR,2009,not.tagged,NA
WL,NVP,Plot L,2008,June,8050,489,SR,First.Appearance,NA,not.tagged,2009,2008,SR,2009,not.tagged,NA
WL,NVP,Plot L,2009,June,8050,489,not.tagged,SR,2008,Dead,NA,2008,SR,2009,not.tagged,NA
WL,NVP,Plot L,2008,June,8051,490,SR,First.Appearance,NA,not.tagged,2009,2008,SR,2009,not.tagged,NA
WL,NVP,Plot L,2009,June,8051,490,not.tagged,SR,2008,Dead,NA,2008,SR,2009,not.tagged,NA
WL,NVP,Plot L,2008,June,8052,491,SR,First.Appearance,NA,not.tagged,2009,2008,SR,2009,not.tagged,NA
WL,NVP,Plot L,2009,June,8052,491,not.tagged,SR,2008,Dead,NA,2008,SR,2009,not.tagged,NA
WL,NVP,Plot L,2009,June,9001,492,SR,First.Appearance,NA,NA,NA,2009,SR,2009,SR,NA
WL,NVP,Plot L,2009,June,9002,493,SR,First.Appearance,NA,NA,NA,2009,SR,2009,SR,NA
WL,NVP,Plot L,2009,June,9003,494,SR,First.Appearance,NA,NA,NA,2009,SR,2009,SR,NA
WL,NVP,Plot L,2009,June,9004,495,SR,First.Appearance,NA,NA,NA,2009,SR,2009,SR,NA
WL,NVP,Plot L,2009,June,9005,496,SR,First.Appearance,NA,NA,NA,2009,SR,2009,SR,NA
WL,NVP,Plot L,2009,June,9006,497,SR,First.Appearance,NA,NA,NA,2009,SR,2009,SR,NA
WL,NVP,Plot L,2009,June,9007,498,SR,First.Appearance,NA,NA,NA,2009,SR,2009,SR,NA
WL,NVP,Plot L,2009,June,9008,499,SR,First.Appearance,NA,NA,NA,2009,SR,2009,SR,NA
WL,NVP,Plot L,2009,June,9009,500,SR,First.Appearance,NA,NA,NA,2009,SR,2009,SR,NA
WL,NVP,Plot L,2009,June,9010,501,SR,First.Appearance,NA,NA,NA,2009,SR,2009,SR,NA
WL,NVP,Plot L,2009,June,9011,502,SR,First.Appearance,NA,NA,NA,2009,SR,2009,SR,NA
WL,NVP,Plot L,2009,June,9012,503,SR,First.Appearance,NA,NA,NA,2009,SR,2009,SR,NA
WL,NVP,Plot L,2009,June,9013,504,SR,First.Appearance,NA,NA,NA,2009,SR,2009,SR,NA
WL,NVP,Plot L,2009,June,9014,505,SR,First.Appearance,NA,NA,NA,2009,SR,2009,SR,NA
WL,NVP,Plot L,2009,June,9015,506,SR,First.Appearance,NA,NA,NA,2009,SR,2009,SR,NA
WL,NVP,Plot L,2009,June,9016,507,SR,First.Appearance,NA,NA,NA,2009,SR,2009,SR,NA
WL,NVP,Plot L,2009,June,9017,508,SR,First.Appearance,NA,NA,NA,2009,SR,2009,SR,NA
WL,NVP,Plot L,2009,June,9018,509,SR,First.Appearance,NA,NA,NA,2009,SR,2009,SR,NA
WL,NVP,Plot L,2009,June,9019,510,SR,First.Appearance,NA,NA,NA,2009,SR,2009,SR,NA
WL,NVP,Plot L,2009,June,9020,511,SR,First.Appearance,NA,NA,NA,2009,SR,2009,SR,NA
WL,NVP,Plot L,2009,June,9021,512,SR,First.Appearance,NA,NA,NA,2009,SR,2009,SR,NA
WL,NVP,Plot L,2009,June,9022,513,SR,First.Appearance,NA,NA,NA,2009,SR,2009,SR,NA
WL,NVP,Plot L,2009,June,9023,514,SR,First.Appearance,NA,NA,NA,2009,SR,2009,SR,NA
WL,NVP,Plot L,2009,June,9024,515,SR,First.Appearance,NA,NA,NA,2009,SR,2009,SR,NA
WL,NVP,Plot L,2009,June,9025,516,SR,First.Appearance,NA,NA,NA,2009,SR,2009,SR,NA
WL,NVP,Plot L,2009,June,9026,517,SR,First.Appearance,NA,NA,NA,2009,SR,2009,SR,NA
WL,NVP,Plot L,2009,June,9027,518,SR,First.Appearance,NA,NA,NA,2009,SR,2009,SR,NA
WL,NVP,Plot L,2009,June,9028,519,SF,First.Appearance,NA,Dead,NA,2009,SF,2009,SF,No
WL,NVP,Plot L,2009,June,9029,520,SF,First.Appearance,NA,Dead,NA,2009,SF,2009,SF,No
WL,NVP,Plot L,2009,June,9030,521,SF,First.Appearance,NA,Dead,NA,2009,SF,2009,SF,No
WL,NVP,Plot L,2009,June,9031,522,SR,First.Appearance,NA,NA,NA,2009,SR,2009,SR,NA
WL,NVP,Plot L,2009,June,9032,523,SR,First.Appearance,NA,NA,NA,2009,SR,2009,SR,NA
WL,NVP,Plot L,2009,June,9033,524,SR,First.Appearance,NA,NA,NA,2009,SR,2009,SR,NA
WL,NVP,Plot L,2009,June,9034,525,SR,First.Appearance,NA,NA,NA,2009,SR,2009,SR,NA
WL,NVP,Plot L,2009,June,9035,526,SR,First.Appearance,NA,NA,NA,2009,SR,2009,SR,NA
WL,NVP,Plot L,2009,June,9036,527,SR,First.Appearance,NA,NA,NA,2009,SR,2009,SR,NA
WL,NVP,Plot L,2009,June,9037,528,SR,First.Appearance,NA,NA,NA,2009,SR,2009,SR,NA
WL,NVP,Plot L,2009,June,9038,529,SR,First.Appearance,NA,NA,NA,2009,SR,2009,SR,NA
WL,NVP,Plot L,2009,June,9039,530,SR,First.Appearance,NA,NA,NA,2009,SR,2009,SR,NA
WL,NVP,Plot L,2009,June,9040,531,SR,First.Appearance,NA,NA,NA,2009,SR,2009,SR,NA
WL,NVP,Plot L,2009,June,9041,532,SR,First.Appearance,NA,NA,NA,2009,SR,2009,SR,NA
WL,NVP,Plot L,2009,June,9042,533,SR,First.Appearance,NA,NA,NA,2009,SR,2009,SR,NA
WL,NVP,Plot L,2009,June,9043,534,SR,First.Appearance,NA,NA,NA,2009,SR,2009,SR,NA
WL,NVP,Plot L,2009,June,9044,535,SR,First.Appearance,NA,NA,NA,2009,SR,2009,SR,NA
WL,NVP,Plot L,2009,June,9045,536,SR,First.Appearance,NA,NA,NA,2009,SR,2009,SR,NA
WL,NVP,Plot L,2009,June,9046,537,SR,First.Appearance,NA,NA,NA,2009,SR,2009,SR,NA
WL,NVP,Plot L,2009,June,9047,538,SR,First.Appearance,NA,NA,NA,2009,SR,2009,SR,NA
WL,NVP,Plot L,2009,June,9048,539,SR,First.Appearance,NA,NA,NA,2009,SR,2009,SR,NA
WL,NVP,Plot L,1993,July,20079,540,SR,First.Appearance,NA,Dead,NA,1993,SR,1993,SR,No
WL,NVP,Plot L,2007,July,20088,541,SR,First.Appearance,NA,Dead,NA,2007,SR,2007,SR,No
WL,NVP,Plot L,1990,May,20096,542,Seedling,No.record,NA,SR,1991,1990,Seedling,1991,SR,Yes
WL,NVP,Plot L,1991,May,20096,542,SR,Seedling,1990,Dead,NA,1990,Seedling,1991,SR,No
WL,NVP,Plot L,1990,July,20097,543,SR,No.record,NA,SR,1991,1990,SR,1991,SR,Yes
WL,NVP,Plot L,1991,July,20097,543,SR,SR,1990,Dead,NA,1990,SR,1991,SR,No
WL,NVP,Plot L,1990,May,20100,544,Seedling,No.record,NA,SR,1991,1990,Seedling,1991,SR,Yes
WL,NVP,Plot L,1991,July,20100,544,SR,Seedling,1990,Dead,NA,1990,Seedling,1991,SR,No
WL,NVP,Plot L,1990,July,20105,545,SR,No.record,NA,Dead,NA,1990,SR,1990,SR,No
WL,NVP,Plot L,1990,July,20281,546,SR,No.record,NA,SF,1991,1990,SR,1991,SF,Yes
WL,NVP,Plot L,1991,July,20281,546,SF,SR,1990,Dead,NA,1990,SR,1991,SF,No
WL,NVP,Plot L,1991,July,20411,547,SR,First.Appearance,NA,Dead,NA,1991,SR,1991,SR,No
WL,NVP,Plot L,1991,July,20412,548,SR,First.Appearance,NA,Dead,NA,1991,SR,1991,SR,No
WL,NVP,Plot L,1991,May,20414,549,SR,First.Appearance,NA,Dead,NA,1991,SR,1991,SR,No
WL,NVP,Plot L,1999,July,20638,550,Seedling,First.Appearance,NA,Dead,NA,1999,Seedling,1999,Seedling,No
WL,NVP,Plot L,1991,July,20677,551,Seedling,First.Appearance,NA,SR,1992,1991,Seedling,1992,SR,Yes
WL,NVP,Plot L,1992,May,20677,551,SR,Seedling,1991,Dead,NA,1991,Seedling,1992,SR,No
WL,NVP,Plot L,1992,May,20705,552,SR,First.Appearance,NA,Dead,NA,1992,SR,1992,SR,No
WL,NVP,Plot L,1994,July,20762,553,Seedling,First.Appearance,NA,Dead,NA,1994,Seedling,1994,Seedling,No
WL,NVP,Plot L,1994,July,20766,554,SR,First.Appearance,NA,inactive,1995,1994,SR,1996,SR,Yes
WL,NVP,Plot L,1995,May,20766,554,inactive,SR,1994,SR,1996,1994,SR,1996,SR,Yes
WL,NVP,Plot L,1996,May,20766,554,SR,inactive,1995,Dead,NA,1994,SR,1996,SR,No
WL,NVP,Plot L,1992,July,20775,555,SR,First.Appearance,NA,SR,1993,1992,SR,1993,SR,Yes
WL,NVP,Plot L,1993,July,20775,555,SR,SR,1992,Dead,NA,1992,SR,1993,SR,No
WL,NVP,Plot L,1995,May,21333,556,Seedling,First.Appearance,NA,Dead,NA,1995,Seedling,1995,Seedling,No
WL,NVP,Plot L,1994,May,21503,557,Seedling,First.Appearance,NA,Dead,NA,1994,Seedling,1994,Seedling,No
WL,NVP,Plot L,1994,May,21509,558,Seedling,First.Appearance,NA,Dead,NA,1994,Seedling,1994,Seedling,No
WL,NVP,Plot L,1995,May,30100,559,SR,First.Appearance,NA,Dead,NA,1995,SR,1995,SR,No
WL,NVP,Plot L,1997,May,20404,560,SR,First.Appearance,NA,Dead,NA,1997,SR,1997,SR,No
WL,NVP,Plot L,2006,July,idneeded1,561,SR,First.Appearance,NA,not.tagged,2007,2006,SR,2009,not.tagged,NA
WL,NVP,Plot L,2007,July,idneeded1,561,not.tagged,SR,2006,not.tagged,2008,2006,SR,2009,not.tagged,NA
WL,NVP,Plot L,2008,June,idneeded1,561,not.tagged,not.tagged,2007,not.tagged,2009,2006,SR,2009,not.tagged,NA
WL,NVP,Plot L,2009,June,idneeded1,561,not.tagged,not.tagged,2008,Dead,NA,2006,SR,2009,not.tagged,NA
WL,NVP,Plot L,2006,July,idneeded2,562,SR,First.Appearance,NA,not.tagged,2007,2006,SR,2009,not.tagged,NA
WL,NVP,Plot L,2007,July,idneeded2,562,not.tagged,SR,2006,not.tagged,2008,2006,SR,2009,not.tagged,NA
WL,NVP,Plot L,2008,June,idneeded2,562,not.tagged,not.tagged,2007,not.tagged,2009,2006,SR,2009,not.tagged,NA
WL,NVP,Plot L,2009,June,idneeded2,562,not.tagged,not.tagged,2008,Dead,NA,2006,SR,2009,not.tagged,NA
WL,NVP,Plot L,2006,July,idneeded3,563,SR,First.Appearance,NA,not.tagged,2007,2006,SR,2009,not.tagged,NA
WL,NVP,Plot L,2007,July,idneeded3,563,not.tagged,SR,2006,not.tagged,2008,2006,SR,2009,not.tagged,NA
WL,NVP,Plot L,2008,June,idneeded3,563,not.tagged,not.tagged,2007,not.tagged,2009,2006,SR,2009,not.tagged,NA
WL,NVP,Plot L,2009,June,idneeded3,563,not.tagged,not.tagged,2008,Dead,NA,2006,SR,2009,not.tagged,NA
WL,NVP,Plot L,2007,July,20544,564,SR,First.Appearance,NA,Dead,NA,2007,SR,2007,SR,No
WL,NVP,Plot L,2008,June,1459.3,565,SR,First.Appearance,NA,Dead,NA,2008,SR,2008,SR,No
